-0.292879151 0.374386355 -0.705600483
-0.38840396 -3.059884757 0.349520287
-0.114044375 -0.703939208 -0.378955511
1.058764202 -0.815738804 0.363422548
-0.13331017 1.960206393 -2.9477588
1.579234041 1.140304342 -0.807328287
-0.088838041 -1.613128614 1.825389349
2.81707262 -0.360202629 -0.705854693
1.925669385 -0.276049875 0.169096131
-1.615662689 0.064247846 -1.733821123
1.050566293 -0.908366486 1.304825297
0.217258169 3.881768826 1.690823663
-0.165468383 -1.544760983 -0.100731329
-0.692527521 1.032308029 3.502327965
-2.053592032 -1.350572602 -0.638376409
-0.52691473 -3.116041821 -1.554993082
0.479807664 -2.215887926 1.220648063
0.859957278 0.421831798 3.54572595
0.125164326 0.545807564 0.197206457
-0.119702683 -0.925298665 2.103028205
-0.358518829 -1.259412774 -2.787490914
-0.434608606 -2.27936018 -2.73531582
0.650055105 0.10985955 0.422801301
-0.718358416 1.44459143 1.332496735
2.451555496 -1.418615731 -0.81597357
-1.144409082 2.64347618 -0.289933753
0.161324666 0.803445586 2.29786477
-1.531043683 0.022894329 -3.076449822
0.405286821 -1.296835257 1.358155384
1.901065826 0.86343862 -2.68869431
-0.720699456 0.916015158 -0.343583256
1.134781369 1.207848775 2.4447658
-0.019748651 1.978544792 -4.644204443
-0.150967107 0.063298841 -1.400116214
-0.840240786 0.79947393 -0.761524959
-0.981737156 -1.155744661 2.239522402
-0.008256413 -0.367183671 -0.071946744
1.807938244 -1.767107473 -0.303556476
0.891090992 2.663104676 1.929140271
-0.623473477 -1.358775009 0.262263225
-1.697414503 1.511498765 -1.01201743
-0.086465576 0.134760901 1.64993575
0.289067142 1.375216408 -1.901280939
-0.543323874 0.496806842 2.685594891
-1.394752184 -1.188682754 2.138313797
-1.303563894 1.135444373 -0.346349683
-0.867376519 -1.480550876 -0.381744327
0.256999851 0.127311994 1.554371717
-1.365748201 3.096821462 2.943488052
-1.185230517 -1.712040655 -1.121930768
-0.698066741 0.117672999 -3.083886533
-0.532838279 -0.707484021 1.261467539
-1.597570296 1.233147427 -2.269899905
-0.496330875 -1.116563143 -0.675755772
0.272253713 -1.707746583 -0.809733715
-0.953181877 -0.269415023 -0.202104709
1.544218166 1.18583618 -3.157818067
-0.349328839 1.266375146 -1.079187525
-1.556956904 1.5129097 -2.026620854
-0.547148694 0.357863845 0.261636526
0.315548182 1.650207085 3.350089303
0.200715402 0.763359574 -2.692131897
0.051344432 -1.373084667 0.050701794
0.99113673 0.625621694 -1.306688429
-1.396180471 0.584211058 -1.320258885
-1.10159055 -0.44262315 0.299896315
0.380567737 0.671552144 0.025344239
-0.22903355 -1.737163619 -1.845662051
0.109653598 1.271737304 -2.025219716
0.958400185 0.987630953 -1.612589553
-0.407920472 -0.696179568 -0.23559866
0.19426571 2.018776031 0.080337904
0.839925244 -0.645271822 -2.280436199
-1.337257611 0.850905888 -1.316758309
0.567454908 0.632064448 0.403070444
-1.753993088 1.020742737 0.02083015
0.68314622 1.020454517 0.234901409
-0.304772043 -0.918256991 1.542370895
-2.444784688 -0.855082709 2.042625476
0.322918572 -0.019507448 1.444996065
-1.139093369 3.137103693 -2.851235487
0.6226126 -2.049974235 -0.628008709
0.788784055 -0.948119755 -0.670463469
0.114536987 2.697139997 2.23210589
-1.361183427 -0.255377228 1.581967873
-0.001439254 0.449226366 0.930250599
-0.475116655 -2.401548118 -0.009443696
1.646305158 2.125181469 -1.698549573
-0.598992447 1.314635621 1.585484477
0.43566639 -0.222592444 0.103879357
0.324173626 1.555760737 -1.497359722
-2.623508601 -2.501794919 0.748042572
-1.045831382 -1.188977295 0.163648588
0.258314226 -0.624289087 -2.596210998
0.074684287 1.018576158 -1.411678749
-0.619470092 -0.911106893 -1.266733364
-0.705171326 0.585711664 -0.156903594
-0.682887131 -2.407340907 1.76691505
-1.180217557 2.52451814 -0.698493524
0.475675439 -0.872845769 1.347412636
0.702777465 -0.76342001 -0.912645387
-1.306712397 0.517953047 -2.695364125
-2.230005152 -0.546301699 -0.749424519
-0.050526075 2.421885959 -2.01978638
-0.255123169 0.201821065 1.201852659
-0.62021827 -1.94050189 0.219282794
0.108299855 1.278115215 0.643820996
0.964362524 1.711758396 -0.709863538
0.910376257 -1.179024565 1.66534774
-0.299355398 0.274717176 -0.877326038
0.1248402 -1.011912381 0.839262379
0.326899274 -1.556537159 -2.54051989
-0.133016492 -0.609587665 -0.578010035
-0.69079819 -0.897945521 1.144898686
-1.056813106 0.988724022 1.124796167
1.921437221 1.774319052 -1.033302221
-0.059519338 2.460384945 -0.186861015
-0.431143401 0.35556154 -0.517797812
-1.461115368 -1.336580317 -0.119933629
1.444094664 0.536811328 -1.261944302
0.049794539 -0.06601606 2.822608421
-0.002686325 -1.241025182 -2.766699505
0.442613109 -1.431751378 1.59970624
0.814694034 2.092893963 0.477713569
0.814210645 1.858673155 -2.821125937
-0.329970665 1.701483729 -4.2999339
-0.843403155 -1.189706362 -1.026554054
0.163441398 2.098119103 -1.696985401
0.564084638 -0.044987584 -2.141119687
-1.089848881 1.296027017 0.140622439
-0.639122272 0.101862477 -4.040117218
0.730715726 1.053374219 -0.406529851
0.334197299 -0.85207311 -1.819090657
2.114664882 -1.862709895 1.976487258
-0.544978525 1.287825365 0.326302178
1.052475529 0.487031039 1.617820848
1.066491013 -1.28381492 -0.842171728
1.159690864 -0.311143769 2.18805199
-0.646066793 0.467984459 -2.006659105
-0.78637809 -0.938229242 -2.68378582
0.294926232 -1.553615968 -0.562463953
-0.048069004 -0.741762375 -0.611316105
-0.503658038 -0.366150845 -0.20901556
0.419209812 0.939019995 1.513711877
-0.582674892 -0.842064841 1.270097819
-0.092201796 -2.756113665 1.626664341
0.510953478 0.41633754 -3.143416508
-0.030918277 1.05956797 -0.193709316
0.763374684 3.320157106 1.111648878
-0.882650783 0.007560431 -0.538828037
-0.645835258 -0.095721982 2.375851374
0.916975501 -2.190568759 -0.126062388
0.832011566 -1.228489535 -1.185712279
-0.378252074 2.40019299 -1.919848511
1.609196447 -0.962945957 -1.808763314
-1.027382546 0.493666837 0.17108483
-1.466065878 -0.03728935 -0.534880452
-0.279661953 1.394973595 2.318785172
-0.133500656 0.726175414 -1.13120132
-0.955739692 -0.561987292 -1.474318368
0.624101407 -1.51792823 2.969368107
0.628954206 0.242151249 4.405321506
0.945634909 2.120766854 -1.305075819
-1.876576892 1.127381967 -0.949032052
0.382113273 0.824948674 -1.089308933
0.411890713 0.996223649 2.829461682
1.041910348 0.289679857 1.996853755
0.28592234 1.165746398 1.03129732
-0.855635972 -2.123740805 -1.372673482
-0.660887848 -3.126371063 0.813786669
0.083667642 0.177407018 -0.018331751
1.160340618 0.581332239 -1.789993536
-0.485750745 0.681296754 0.997774383
-0.647571028 1.805372966 0.185989897
0.566622037 1.704060629 0.648252251
-1.192598373 -0.627887052 0.102239316
-0.125312892 -1.654666527 0.367225275
-0.641536286 -0.190962259 -0.769127419
0.313426003 -1.324468857 2.704929455
1.289309368 2.12197672 -0.122614128
-0.164434507 -0.501048814 -2.15911449
0.046151951 -1.845285911 1.070904281
1.184231089 1.197387826 0.803411285
0.209254243 1.814395589 1.976971586
-0.721884142 0.741621722 -3.464155474
-0.141767548 -0.530706726 -1.489153758
-0.730135708 0.088780707 -4.213604957
0.380399483 0.747842734 0.915653355
0.599069256 0.387524446 1.715858764
-1.348547822 -1.124342105 -1.515991569
-1.026436318 0.284572867 0.790247443
1.801502929 0.019039106 -0.213546787
0.088991738 1.543983112 0.893858163
-0.554293482 1.040941602 -0.870065396
-0.150547845 -1.595499188 0.832591026
-2.490675149 0.514090759 -1.809192004
0.069472193 -0.702889402 -1.598380213
1.395557666 1.904974717 2.799293843
-0.552024692 2.509553082 -1.801469116
0.310767563 1.493092631 -0.901433793
-1.296143132 -0.588347758 -0.504864129
-1.215783081 1.996581295 -1.707896224
-0.074844564 0.163760481 -0.611844573
-0.35497835 0.376385516 0.214665117
0.711206076 1.92865333 1.440406207
0.902318596 0.009921925 0.670295334
1.245297871 -0.473431677 0.126634877
2.109856284 -0.920936279 3.214073561
1.073791863 -0.235323339 -0.970213881
1.193138471 2.539594609 -0.729953579
1.282512379 -0.615972596 -2.205362851
1.837461774 0.534120492 -1.431512157
0.437638461 0.550233244 -3.642313726
1.730091138 0.30161921 -0.936695306
-0.655543911 0.786333122 -2.877109567
0.929616449 0.312956983 0.311845567
0.477710907 -0.08366153 -0.185743979
0.93931556 -1.799312731 -1.042747235
1.472117966 -0.73817947 0.740292703
1.600616641 2.3367812 2.617152205
1.013857641 -0.409349112 -0.398106091
-0.442434014 -0.084467632 0.118208319
0.132035686 -1.39396103 -2.211881404
1.357305141 -1.198191373 1.896823848
0.179755789 -1.037165533 -1.368963391
1.15113046 0.641682488 -1.561297898
-0.695159317 0.93476325 -0.271655182
-0.207235612 -0.691388538 0.034500773
-0.636933023 -2.233512992 2.230543337
0.557175254 -0.361933752 -3.677091427
0.089403418 0.250688447 0.030515551
-0.075063543 0.632270588 0.175408459
-0.370351717 -0.073730406 -0.58618968
-0.550645699 -1.096373606 0.73454573
0.129088044 -0.858983775 -1.768843908
0.102610766 -1.348641055 -1.440968736
1.40377838 -2.830256551 -1.033891863
0.652324351 2.20488959 1.339830657
-1.580329398 1.592344185 0.423508182
0.436182362 -2.30405816 3.230719739
-1.040769292 0.175470429 1.009293327
-0.118763232 -0.153591649 0.554354804
0.912286829 0.610763009 -1.557048688
-0.024866014 0.816178445 -0.142659081
-1.482543444 -1.107073203 1.059939872
-0.162983382 0.258406394 -2.115365889
0.143317053 -1.507364959 -2.333209716
-0.185282547 0.340686577 -0.853134553
1.159536691 3.617384113 -1.201180891
-1.261110803 0.639529227 2.52811672
-0.336546397 2.155475109 4.409517948
-1.548332804 1.054340985 1.14027196
-2.460442538 -0.155703055 -1.451261478
0.384870582 -0.62582211 0.204055278
-0.440275903 1.298873052 0.816409103
-1.150192202 0.651455991 -1.593710398
-1.304934135 -1.245281678 -2.482743721
0.003248156 -0.038984437 2.055142369
0.524756133 1.761649136 -2.58498081
-1.228951168 3.330871536 -0.835234009
1.098666972 0.580653529 -1.022301324
0.837269479 -0.769877126 -2.050745558
0.553540636 2.025770665 1.12433724
0.457374743 -0.968642487 1.003458168
-0.464175439 0.601813505 -0.358983577
-2.531139777 -2.055536039 1.11999381
-0.117745126 -0.424392384 -0.893714149
-0.718772539 -0.35488633 1.237988856
0.217521959 -0.854775408 0.037286647
0.498059708 0.170375775 -1.193618923
0.444760814 -0.747357671 -1.160265664
0.195692172 0.641177556 -1.514574927
0.467426994 0.24674908 -0.528487535
1.416134049 -2.00134357 -0.057159757
-0.656615596 -2.180361633 -1.393981105
-0.531776912 -1.120604219 -1.094358987
-0.727549459 -2.133121487 -0.107510885
0.1958384 2.398125652 -0.80069562
-0.434191416 1.276159625 -1.067143473
0.194939868 -1.60454934 -2.026516893
0.412056885 0.678977938 2.006157543
-1.118257385 2.700240786 -0.194997271
1.232086106 0.603884116 1.454757548
-0.578681056 0.401023823 0.16659071
1.07971883 1.498864716 -0.32910407
0.177693912 -0.438430636 -1.058291237
-1.466315278 0.462674621 -1.759080303
0.813520406 1.430346581 1.035343625
2.184604794 1.996630308 3.461151647
-0.137261531 0.05993179 0.239406289
-1.581914535 1.686311737 1.188091154
0.092456739 -0.068054632 0.418403244
-0.372878246 -1.851797164 2.632380581
-1.778677749 1.415045839 3.357149316
-0.367651137 -0.028749388 -0.274710992
0.620923952 -1.62251772 1.081610516
-1.191866986 0.666913892 0.718931226
0.760889132 -0.200265017 1.065431046
-0.313007215 4.183607808 -0.930647685
1.735411553 0.160446329 0.601564934
-0.720160034 -0.243657477 0.127827017
-0.880191845 0.438786632 -0.950694588
0.244986606 -0.08631519 -2.241373513
-1.471772384 2.006978198 -0.820441504
-0.886535547 0.357105837 -0.934923633
0.363297689 -1.310223023 -2.21853558
0.861317946 -2.229584337 0.77193577
-1.430224318 0.86442006 1.112999787
0.106457259 0.548557931 -0.400565826
-0.92543487 -1.054437459 0.157581726
0.415450459 1.596774918 1.155873758
-2.232497589 -1.147865426 -4.194484313
0.076999151 -0.271419367 1.695267122
0.129638575 -0.177466387 -1.116708447
0.809403645 -2.792001674 3.63998434
-0.269675476 -1.751837697 -0.650409089
0.985713611 -0.705060424 1.723786197
0.630986412 2.235695916 -0.443325895
-0.431749325 -1.859825562 1.42774152
0.55402053 1.704081352 -1.62746919
0.516657437 -0.198536325 -0.676181391
1.5126218 -0.258482016 -3.925837731
0.647197284 -0.15705193 0.85202093
-0.406151424 0.85132282 -2.364448179
1.166433141 -0.395000399 -3.295357508
-1.01467735 -1.679996305 2.670659827
0.105943775 -1.341225257 1.228589823
-0.815234842 -1.739192902 1.330358331
-0.344927649 -1.565006614 1.473811457
-0.63379185 0.780970784 -1.06362658
0.767521109 1.561072524 -0.277783542
-0.717431103 0.196285303 -0.24034725
-0.227974623 0.110241855 -1.22691767
-0.252473164 -3.094720546 0.257847776
0.139865101 -0.056538585 -1.131697457
-1.184405137 -0.574674492 -0.774078293
-0.484405927 -0.002743194 -1.425192999
0.237927028 1.517311197 0.704679601
-0.888744772 -1.174979024 2.821345885
-0.262531272 -1.116026077 0.790060214
-1.121172956 0.471000874 1.587087069
-0.544362017 0.481171571 2.246474444
1.295696358 -0.620634505 -0.762559627
-0.923465563 1.791955588 0.766859678
-0.977637481 -1.736759685 -3.780780332
-1.030307877 -0.144806161 2.185299357
-1.254435021 -0.506248953 -0.664663151
0.943953153 1.778154644 3.294203333
0.55408858 -0.891502213 -1.016141054
-1.279215895 -1.247140213 2.01731672
-0.619075422 0.665692844 2.282254317
2.445203789 2.012409963 -3.394245128
0.417995242 0.572786173 -0.279845961
0.442679143 -1.260467716 2.612193298
-0.241463259 -0.341605915 1.206653815
-0.118103848 -2.700255347 0.867175701
0.434495892 -0.032048851 -0.902966437
0.10533926 1.221839076 1.796471502
-2.488912764 -0.541868823 0.851091449
-0.74431228 1.29186383 0.88212327
1.684076717 -1.781356076 -1.043854152
0.113595396 -0.085595735 -0.428404185
0.87158358 -1.986395853 -0.005639529
0.014952085 -1.078294914 3.522084394
0.37087456 -0.941096439 2.042401083
-1.581183211 -0.329849413 -1.725755322
-1.418338548 0.664836734 0.047479338
-0.24074645 2.465208707 -0.284072613
1.669600005 1.452235287 1.298653024
-0.751101919 -0.786523058 -1.740952953
0.358873119 1.91605274 -0.983983875
-1.778620572 0.745515051 -0.173035229
-0.709283372 1.215090998 0.934054654
0.335822325 0.79321899 -2.874301095
0.550299985 0.80747576 -1.35491339
0.226675431 1.640049899 0.608938771
0.558395603 -1.315565675 2.403865769
-0.101530854 -1.034424517 1.193005699
-0.468777951 3.320835661 -0.00241576
0.545222717 -0.952799042 1.456750096
-0.499061398 1.864478075 -0.869933094
0.294394595 -1.751705025 0.643973989
-0.075015227 -0.072361623 0.957536083
-0.268499721 -0.187376501 -2.591543082
1.017376168 0.835293624 -0.389054383
-0.04202317 -1.302955156 2.491498512
1.143594785 -0.560816647 -3.729232117
-0.868606074 0.558884464 -0.15693255
0.649569778 0.799071118 0.467221533
-0.445480165 -0.103982131 -1.495003061
-0.48426297 -1.658326715 -1.789186077
-1.241904668 -1.707456882 0.483334712
-0.388023899 -0.81880392 -2.734555254
-0.29417583 0.520783064 -0.147681658
-0.252888198 1.74530287 2.141473452
0.414025315 -0.199619942 0.881755546
-0.502102804 -0.552129557 -0.766658963
-0.130911837 -1.034120453 0.262876202
-0.299259116 1.391317252 -0.904789698
0.157874075 -1.142812694 1.172108455
-0.80214156 1.302984637 -0.115603111
1.287199944 -0.108403317 1.377990762
-0.533315599 -5.646007605 -0.998974768
0.501922381 -0.404958254 1.563625134
0.673689464 0.206328882 1.031468361
-1.145918654 1.112200013 2.848830941
0.845066808 -0.464446219 1.032616184
-0.160372336 0.174839282 0.443340049
0.357759568 -1.108893943 1.209737658
1.099401744 0.038666629 1.666073652
0.673004889 1.763748429 -0.8303274
0.016552511 -3.560591634 -1.094824478
-1.124172936 -0.507590297 1.514260934
0.10396131 -1.432700205 -1.757730521
-1.622197131 -0.383317754 -2.324447437
-0.08543754 1.010453942 -1.367879653
-0.542685347 0.887670752 1.405601833
1.170704959 0.98342516 1.695676432
0.16449434 -0.207515419 -1.030299287
-1.029035582 -3.006333047 1.736246775
-2.501649938 1.524273452 -1.633519168
-0.862359283 -0.264459657 -1.204995281
-0.493608421 1.926629151 -0.869564245
-0.716153439 -0.845688211 -0.440787732
-0.187867553 -1.261541542 0.970230981
1.034478637 2.313339739 1.201398267
0.536741989 1.674051953 -1.975838311
-0.446424347 1.256942905 -3.081661748
-0.133401405 1.447485171 1.166103798
-1.198408796 -2.028704584 1.11653565
1.167538613 -1.395737031 -3.237147631
0.282970614 -2.014178559 0.597291663
0.104372136 -0.345934852 0.076081193
0.512467824 3.408626646 0.164535355
-0.123837543 -2.76987176 -0.768542294
0.853781333 2.056008075 0.905525421
-0.626418791 0.074865396 0.19544359
1.881865617 0.806876294 0.46310055
-0.789069384 0.353030323 4.406969888
0.085177352 -0.124028208 -0.285859397
-0.736672229 0.4928971 -2.866181459
1.961328915 -3.192702276 2.576781984
0.722163008 -1.098157055 0.175056586
-0.323905334 -0.913523033 -4.621149235
0.59276281 -0.495024881 1.317315287
-0.112347479 -0.249691388 1.777102237
-0.177404732 0.368736385 -0.23690465
-0.191737128 0.168607201 -2.764239993
2.25102699 -0.794543435 -2.462972131
0.119552351 -1.565850289 -1.975173135
-0.42990398 -0.518914174 -0.291443769
-0.743257086 0.133974186 -1.320726619
-0.18934205 3.327334603 1.328027606
0.796748414 -1.485513792 -0.098671208
-0.926935001 -0.727077954 -1.592081722
0.413854046 0.330914738 0.367747124
-1.327913652 0.859303058 -0.747379957
0.579372523 -0.470550837 -0.590765562
0.961260662 -0.99194356 -0.120484602
-0.680030793 0.527289271 1.498725139
-0.700629944 -0.627254401 0.236525804
-0.828829447 -0.863031708 -2.04204549
-0.110108075 -1.661493708 -1.494617787
0.874582858 -0.034532662 -1.144686817
0.445671606 -0.978207128 1.558186844
2.09374801 -1.40490418 -2.395565072
0.062454202 0.329060291 -2.96131468
-0.120368497 2.066421442 -1.11649039
-1.382943205 -0.663082693 6.024375829
1.050108708 -0.152311367 -2.799291658
-0.947252567 -1.802788553 1.193569073
-0.884171071 -2.976410915 0.115107141
0.330275158 -0.239495433 -4.020612151
-0.288744084 -0.696646464 2.724716443
-0.04713194 0.625562415 -1.444663616
1.919414851 -1.0563329 0.046437063
-0.630417245 0.1366173 0.70068515
-0.334253602 1.919649361 0.462209857
0.184917447 1.840189778 3.232235021
-0.067356032 0.165693083 3.681055284
-1.455289671 1.313093047 3.623126531
0.596652823 1.368402975 -0.603887692
-0.177602549 2.444488208 -1.523250869
-0.836279757 -1.891494911 1.05911596
0.047836146 1.271603086 1.470154382
0.821057361 -4.577586244 1.549047953
-0.241511688 2.549544678 2.169293507
0.703305661 2.77011903 -0.075188091
0.250114174 -1.591398609 0.96573126
0.447701334 -1.102892264 -0.599357652
1.260798262 -2.409092851 1.561351372
-0.477703307 -0.364895887 2.253299316
-1.686787332 -1.322986006 0.706981949
-0.963747899 0.398640053 -0.3162022
-0.217462798 -1.274401919 2.854771062
0.030799808 -0.541472384 2.62892168
-0.540621143 0.63209676 2.99284111
0.695453258 0.238656003 2.485051215
0.72031073 -0.164264278 1.924049831
1.208986724 2.23139991 0.440597239
-1.061119053 0.800372196 -0.903224995
0.364803851 2.004833101 -0.830146618
0.69791921 -0.817384228 2.278874519
-1.212100242 1.024454006 -0.462245608
-1.345764671 -2.581460091 -1.522082212
-0.75716261 -0.924691381 -0.473735647
0.802228016 1.085746868 0.563445673
0.282095995 -0.122720887 -0.601074323
-1.525725548 -1.111739334 2.32265087
-0.337456816 -0.991796618 1.636217219
0.552542234 0.059792421 -1.797688531
-1.871415752 -0.123202014 -2.856859155
-1.493603215 0.090398507 -1.224016615
0.648003654 -2.595649161 2.064887463
-0.62438882 -1.756160837 -0.573911048
-1.383714752 2.108904249 -0.006031758
-0.428464681 0.029736663 -0.003211923
0.309002796 -0.951260335 -1.873728339
0.960707102 -0.321051115 0.929150471
-0.04255908 -0.495720461 -0.498031529
-0.562644577 1.28638225 -0.706550937
-0.902177018 -1.44628723 -0.519174216
-0.613101537 -0.392733822 -1.142712241
-1.053034028 -0.308636111 1.526445144
1.916031203 -1.918386767 0.904477618
-1.187174066 0.650024529 -1.106549485
-0.712815352 0.294627795 -0.285469947
-0.082053641 0.915239212 0.728613149
-0.328254935 -0.57358279 -1.214548105
0.563240673 1.11970202 -3.453535184
-1.964355091 0.030918859 1.094630688
-1.146855592 1.673374559 -1.839507622
-0.376966723 -1.293346189 1.276543237
1.763606729 0.503394609 -1.650797071
-0.790551595 0.216809035 -2.40710965
-0.193759535 -3.091213371 -2.785076829
-2.14528257 0.669139549 1.076782437
-1.881579722 0.678937364 -1.585973678
-1.068503333 -1.364900714 2.47840191
1.505736438 1.867892028 2.312706673
1.699537852 -1.021778586 1.4514557
-0.540725825 -0.365036371 3.053505206
0.571238851 0.377358942 0.72609195
-1.342584834 -0.328752799 1.525435498
-1.216830982 2.225762285 3.247271844
-1.52027048 -1.907816543 0.7095222
-0.995428875 0.008756913 -2.697128733
-0.957142923 -0.115006758 0.149076708
-0.663024978 1.111124494 0.961645149
-0.647222309 1.299382461 4.887091913
0.058170322 0.528111067 -2.481372294
0.350742589 0.090407317 0.441572221
1.022248437 1.577034213 0.639181237
1.280761536 0.954922586 -1.65516046
0.100432565 0.151162558 0.237453764
0.673206993 1.889399402 -0.21200434
-0.780545779 -1.785960781 -0.680653984
-0.584608745 2.388973612 -1.814186968
-2.428104741 0.682172292 -1.548090635
0.544966434 -2.449832783 -0.191288678
0.03541117 -1.716195917 1.14229979
0.714155848 -1.271763752 2.000652247
-0.4611256 -0.266719523 0.30661032
0.504788154 -2.140868868 -0.056100434
1.587110646 -0.416808157 1.514928071
0.565698819 -0.081663488 -0.505138995
-0.682489545 -3.101557632 -0.830403833
-0.467870919 -0.084086349 3.435163633
-0.431458648 2.165955163 -2.702777329
-0.724144983 1.293186214 2.534161033
-2.061594111 -0.928047593 2.730070052
-0.77018219 0.566099594 0.628453352
0.499463689 1.652160852 -1.847497924
0.237205221 0.501896699 -0.284677818
-0.630935187 -1.385619897 1.480052459
1.007000415 1.627920865 -0.362468291
-0.018753841 0.73858194 -5.029902882
1.55363289 -1.222182316 -0.123597533
-1.930107196 0.899170813 3.026412642
-1.962401307 0.491991448 1.205949925
-0.122071619 1.40208552 -3.407306887
0.024343035 2.684808296 -2.193191606
0.752384303 -0.650458715 -0.013374342
1.382580303 -2.720282533 -0.883355944
1.452236951 -0.647703621 0.525887481
2.231445054 -0.407783602 -3.254094134
-0.797465509 -0.664426995 -3.551941409
0.290888435 0.034258751 1.722349601
-0.177765819 0.151270792 0.744040419
-2.11281914 -1.045492443 -0.503326515
0.045769594 1.542215548 -2.957424995
-0.76422441 2.716675879 0.077054292
-1.707368755 -0.457210534 -2.197708394
1.095145182 -1.007501363 3.831096633
-1.653876379 -2.009194575 2.214042088
1.532576402 1.295081146 0.042924769
-0.908947947 2.542808405 -0.580624256
1.791863762 3.530131348 0.587929228
0.875694965 -0.2338479 -2.54699553
1.225834934 1.237262322 -1.174884343
0.686927477 0.104365686 1.428503043
-1.615361391 -0.912058381 -0.588894005
-0.136062012 -2.581512252 1.246842671
0.156022486 -0.830837686 -0.783193923
-1.062015692 -0.398204715 0.169074407
-0.21423009 0.903855651 -1.666229915
-1.058542027 0.131929843 0.834093094
-1.692973063 3.224735511 0.788292087
0.922231484 0.197849969 4.450581192
0.519868026 -2.51745879 2.733287647
0.568347376 -0.490522153 0.931598822
-0.633215246 2.111352307 -0.209716025
-0.542952074 -2.008331355 0.137008782
0.123218077 -2.326541874 2.599496805
-0.534351519 0.61909143 0.76714275
-0.190586255 -1.84393009 -0.581674676
2.101868594 0.071756131 -0.474207876
0.063132568 -1.589802217 -0.947021506
1.203339239 0.421322668 -0.02106727
0.015388473 -0.154722792 -0.850990957
1.325718928 0.670771378 -0.16785361
-0.408469135 -1.465131469 1.468728903
1.433001613 -1.759744603 1.022364229
-0.836872619 -1.514324122 -0.408461767
-0.578105554 1.495133069 -0.150600653
-0.150470844 -0.455881847 -1.248421969
1.304224962 -1.208455689 1.402131747
-0.685443964 -0.536106666 -1.032740285
-0.993405849 0.020077027 -0.096913489
0.550809764 -1.060275701 -0.78496744
0.029638322 0.590403628 -0.066799854
0.348428707 -2.352822023 -2.750206118
0.403833759 -0.827882309 -1.742992217
-0.62234979 1.540652076 2.039510691
1.741521308 -1.149042306 -5.260623787
0.239894535 1.79583126 -3.256615652
1.176558199 0.703642083 -0.511195881
-1.557686124 -0.11606361 -1.730795025
-0.041245546 0.887146683 -1.891547321
-1.537510635 -1.456566226 -3.09410567
0.735968228 -0.864412768 2.014726857
-0.75462119 -0.614596478 -3.264046409
1.716005931 -2.44336858 -0.841436919
1.261651718 0.316467365 0.400992382
1.503074726 -0.710399689 2.920195268
-0.531166861 2.20956315 1.598371229
0.960836775 -0.085123089 1.660619019
-0.187691609 -0.973646807 1.032591186
0.139884431 0.58903702 -1.11984655
-0.352676045 0.722613809 -3.179566712
0.844864195 -0.422694646 -1.040927415
0.202270053 -0.204948025 -2.368096314
-1.961721446 -0.340375331 4.062090456
-1.244844593 0.544944388 -1.485073218
-0.08524829 -0.21084358 -1.224766999
-0.120593227 0.727706715 2.38482844
-1.462341916 -2.509365661 1.203753431
-1.586458444 -0.050789349 -0.784037232
-0.264985795 0.866697501 0.210526822
1.021846959 -0.536954749 0.640623099
1.286574685 1.263249546 3.1726848
-1.276826412 0.628241917 -1.214078913
-0.312468709 2.384387447 0.036500541
-2.661051108 0.003560939 2.695077949
-2.211586936 2.40806656 0.046922369
0.321387521 -0.028128053 0.08454429
0.473070377 1.727403415 -1.564220773
2.014747996 0.753959086 -2.365427687
-0.660260159 -1.419601015 2.251499801
-0.118694817 2.338262914 1.180130127
-0.154700895 -0.118188972 -2.919305644
1.449140896 -2.110600088 -0.375214197
0.458335351 -1.298832522 -0.542760159
-2.285413117 1.36726518 -0.913662363
-0.237813927 2.287645899 1.020754496
-0.25263892 -1.518897631 -1.199674974
1.039299465 -1.566380493 -1.360886347
-0.005252787 -1.676403992 -0.519180966
0.847086932 0.39074225 -3.128197099
0.941934439 -2.589872351 -1.467917138
-0.105899988 -0.455277497 -3.8812361
0.183193497 0.496585329 -0.192554028
-1.513391627 0.617152689 2.797703253
-0.222082252 -0.766276815 -1.307596208
1.009476581 0.973855942 0.001026544
0.74997691 -0.204017105 -0.185279422
-1.392544325 -1.320630465 -3.131580766
-0.52471498 -0.795637741 3.137458626
1.359359206 -1.255834726 -0.0757863
1.524152965 -0.430847335 0.806012236
2.150131902 -1.607425612 1.179304197
-0.912451223 1.23899785 -1.714318902
0.184758757 -0.416575963 -2.302047074
0.457314133 -1.769816106 0.121416353
1.288218281 0.562497763 -2.554717749
-1.305272088 0.503696805 -0.414058119
-1.470036331 -1.921040411 1.205258059
-1.19406477 -0.865753565 0.827321348
-0.605563534 -1.061823223 3.410079407
1.825088469 1.851155504 0.157902113
-1.598875053 1.10088603 -1.433021195
-2.54208341 -1.454137313 1.911533675
-1.77212702 -2.773930668 -0.213068442
-0.453402566 -1.455410287 0.919889306
-0.469756388 1.885968702 1.121016462
1.44379155 1.078047627 2.015301096
0.096187778 -1.404434077 -1.628547703
1.038205792 -0.265895091 0.030483102
-0.844359537 1.716136976 -0.888905449
-0.557693878 1.08211222 -0.699954721
-0.123593428 -0.348071564 -1.159441222
-1.175517944 2.742793486 -1.660652634
-0.815838536 0.612608317 0.567119008
0.183806634 3.070647745 -3.549725659
0.441378436 1.728763274 0.57577593
-0.130728123 0.435447518 0.095833067
-0.930096434 -0.41840599 0.188215168
-0.058762762 1.176864788 -1.544349132
-0.238149135 0.153354466 -1.484651181
0.160873002 0.684265682 -0.13442704
-0.231420973 -1.225152895 0.436870708
-2.512261134 0.513826453 -0.651473424
-2.008440152 -1.061175611 -0.789164681
-1.959840747 -1.788007106 -2.237325772
-1.28054101 -1.343291318 -2.401077283
-1.791536295 0.811386606 -1.670529321
-1.033837243 -0.590697539 -2.932373982
-0.142301732 0.992396612 -0.371131147
1.263407524 -2.371728955 -1.493567229
-0.587304382 -0.600864805 -2.84250956
-1.656499687 1.538235592 0.101441276
0.371267318 1.446941068 -2.076201506
-1.699261646 1.247176818 -1.249460397
-0.86253111 1.38609549 -1.98874805
-0.102596411 1.189850773 2.284996647
-0.606012247 -0.755299894 0.242308971
-0.222148851 0.93574625 1.78484406
-0.276426572 -0.586106924 -3.726243435
-0.570906136 -0.60205295 0.371519232
2.040147933 -0.41882893 -2.219547272
0.665253305 2.636454886 -0.191323318
-0.062584627 -0.665879376 -1.086844523
1.69987141 2.249552902 1.850206707
-0.75410816 -2.001122831 -0.725702961
-0.744843388 0.436563428 1.096485888
0.620574409 1.548485936 0.975642431
1.02734705 0.708975052 1.799117101
-0.108012955 -2.292735208 -3.846696718
-1.385038389 -1.296299271 1.397988318
0.549474046 0.399366864 1.47617847
-0.066651517 0.11370061 0.879351261
-0.302986005 -0.974843358 1.504998689
-0.739989414 2.942385296 -2.103421196
-1.801592149 0.421769488 0.798406208
0.945537085 -2.366792274 0.084828876
0.185655044 -0.699229597 -1.113904642
-1.588154377 -0.540551147 -1.343337056
-0.482239728 0.483111007 5.632639329
-0.957024727 -0.047597893 -2.30265129
1.078146601 -2.284414997 0.605360043
-1.583344181 -1.820449265 0.36935823
-0.050055403 -1.937622022 0.26268337
0.319628134 3.164519924 2.083644435
0.402284194 -0.02546121 0.520768522
1.673688522 -2.444401786 -2.689929132
-0.088081904 -1.472964278 0.077711008
0.501189555 -0.789887932 1.005374074
-1.28532947 1.877323999 -0.230545316
1.405596069 0.500472862 -1.688232798
-0.837178662 0.946277954 -2.85577203
0.68729917 0.801459066 -0.551336052
-0.888110822 -1.139918009 -0.799492559
-0.507294874 -0.605521784 -0.112322259
-0.895951913 0.309848458 -0.968241421
-1.279384686 -0.64695803 0.044633098
1.588391322 2.318845009 -0.157190026
0.41196986 0.064992271 -1.59769996
-0.267522653 1.646185145 4.11087791
0.253039414 -1.192519287 0.647925711
-1.786061185 -0.529065974 -0.385676978
-0.629897012 -1.415069008 0.831099184
0.242615102 -1.780819424 1.253008237
-0.32938528 -1.488510543 -1.789000779
0.287678631 -0.641829861 1.620453744
1.674531068 -2.800089716 0.15180892
-0.137604261 1.966016326 -1.184624138
1.588684531 0.632168434 -0.952124965
0.854441221 -1.369131781 0.490869507
-0.689229149 1.235049962 -0.552551997
0.996763436 -0.347361621 -1.219709736
0.478314108 -2.082231793 -1.506534525
0.853133094 -1.47530907 0.597330094
-0.282141521 -1.895416422 2.198466593
-0.508792151 -0.0200912 2.664379538
1.223473061 0.00912959 -2.256040251
0.193970533 -0.083221282 1.973285231
0.141296576 0.571837638 1.484376328
-1.623197076 0.127946864 0.982923678
-0.344732004 -0.177288017 0.850079316
0.084000378 0.330642813 0.702127205
0.226668185 0.690965311 0.627908787
-0.843328922 -1.397965854 1.656022416
-0.084273238 0.982227446 0.139770677
-0.106785669 1.007156507 -2.057755084
-0.858495537 -0.571274984 -2.245712945
-0.538037815 -3.024590283 -0.375833589
0.983804643 0.736508058 -2.418669233
1.895102053 -0.256274127 0.546822322
0.427348007 -1.773200769 -1.140593723
1.586585031 -2.716243289 2.724297206
1.756719778 0.616094353 0.196248161
1.070029246 -0.519276823 2.446762124
0.996535701 0.073448677 -1.225057424
1.191132351 -0.669950913 -1.069870359
-0.844100713 0.225928903 1.284579515
-0.485631474 -1.941984511 1.328505012
-0.467857916 0.362074603 0.120566974
0.461426398 -1.603826149 -1.59670185
-1.659403672 3.016588517 0.001615187
0.872618724 -1.269143149 0.844045788
0.681882436 0.698163303 -0.371712705
0.450278912 0.468077769 3.459817633
0.669485696 -1.272239525 -1.228571651
-0.289168773 0.259428488 0.335594257
0.636186161 0.145431164 -0.018793286
-2.147555323 1.009031377 -0.052898915
-0.721667327 -0.00485444 -1.660967754
0.809326185 0.49204119 0.990894236
-1.292991855 1.397393362 2.244960463
-2.134844266 0.773286256 1.222912269
-1.08014914 2.494101083 2.419351443
-0.478599498 0.032949532 1.37315879
-1.703540127 2.557952656 0.864704847
0.457231233 -0.061716363 4.936514395
0.021914353 0.391214263 -1.162538116
-0.080991426 1.242876647 -2.322386937
-0.267938209 -1.24365688 0.355503056
-1.392098956 -1.72160161 1.236907984
1.936313722 0.970351404 0.554723661
1.106307655 -0.276676431 -3.229459297
0.781620978 0.445381145 -1.181524474
0.368420762 1.254378303 1.018014677
-0.658881696 3.656258552 -0.379337798
0.162578602 0.668476824 -0.637080487
-0.502034189 1.001602205 0.413010492
-1.159157212 -1.666567927 -0.172000017
-0.010134862 3.416405387 -0.33459841
0.488158768 0.222777535 -0.651620634
-0.275373702 -0.123719789 0.822518526
-0.978190706 1.782913504 0.584711737
1.699705148 0.801531372 -1.427938407
0.682464767 0.460212929 -2.771215167
1.083184229 0.661267019 0.221685642
-0.559214488 0.675640099 -2.602755352
-0.293099316 0.768287776 2.021664365
0.478169964 -0.104287728 1.552333585
1.740876638 -2.150644914 -0.448600134
1.637709246 -1.242658453 0.31136187
0.920741203 -1.403796069 2.081603242
0.264718738 -1.197343251 -1.565350619
0.978112296 -1.875326946 -0.615692594
0.710912338 1.338439915 0.887680467
-0.172212645 2.891774697 1.29436188
-0.223761302 -2.757860859 2.565649437
0.055243448 -1.324590006 -1.857468511
0.918157241 0.342884585 -4.152044188
1.529237442 -0.127354319 0.853341291
-1.584594137 -2.024225554 -0.701503394
-0.731541469 1.581115882 2.094443262
0.729241253 -0.085228484 -2.57073497
1.032119361 -2.330992851 1.876707507
-0.595510571 -0.920659763 -1.422188898
1.063669549 1.711364593 -1.254279668
-0.669703568 -0.751507587 1.087588803
-0.158719439 -3.607297441 0.240392093
-0.41408739 0.890093263 1.870594485
0.346919848 2.326776229 -1.099475998
-0.678478611 0.312778103 -0.118256793
0.552683033 0.331132814 1.195908729
2.169173944 0.363078757 -1.670174357
-0.257840565 -0.100023846 -0.021719374
-2.82311212 -1.202920153 1.70802943
0.477991113 0.899198735 -0.09260185
1.624362813 -1.695781124 1.801880898
-2.341757977 -1.557294811 -1.133494336
-0.222917338 1.38913216 0.953411281
0.262486293 -0.67534595 0.722576454
-2.496654972 -1.461546211 2.23301043
1.09726318 0.682303763 -1.093456621
-1.479516112 0.682422519 0.15463182
-0.980585486 -0.40618418 0.56562894
0.354281297 2.224041073 3.103976541
0.480707064 0.085348027 3.629026114
-1.116054255 -2.237784593 -0.717612885
0.458686559 2.310788478 2.492313215
-0.79181428 1.475535988 -0.283503158
-1.330307109 0.103029291 0.003582773
0.536293243 -2.314916539 -2.695427307
-0.051391315 0.983286452 2.124972341
-0.787160919 0.951846622 2.529008901
0.199521843 0.57909126 -2.515878504
1.091244641 2.38281633 2.23177004
-0.564067854 -1.315272524 0.463673846
-0.679207637 0.347980572 1.600216385
0.47272817 -0.052826538 -1.03318598
0.349259289 0.304386716 1.172202964
-1.426734865 1.792345149 0.899684829
0.729215092 0.757472783 -1.123039674
-0.44016647 0.985894707 -0.633473632
-0.018370391 -0.575017063 -1.586890933
1.736452971 1.258904698 -0.931706416
-0.855952876 0.044370991 1.13214996
1.225061068 -0.027050616 1.01914115
0.689892115 -2.040910694 -1.118604209
0.769210894 -4.056391131 -0.901977554
-0.166214987 -1.215923806 -0.744364384
-1.923859151 1.47029639 -2.203114378
-0.599192605 0.19444145 -2.434026454
0.09161577 0.252004561 -0.808237599
1.362341971 3.561160989 -0.31284795
-0.054835439 -2.619808999 -1.436671603
-0.28987076 -0.190361709 3.132793888
-0.086447602 0.975521795 -3.326576369
0.488985111 -2.19251436 1.008544456
-0.854285771 1.089705087 1.254972831
0.50349434 -0.41486961 -0.909838349
0.070198223 0.944522562 1.757114776
-0.14481948 1.862536335 -4.565596403
0.297233802 1.73173702 0.581001983
-1.727330135 -1.372022714 1.755658957
-1.176196329 1.519817558 -0.312736582
0.396428565 -2.797225849 0.702811124
0.454837684 -0.460810397 -3.118955693
-0.148486798 0.507337375 -1.057834608
-0.768786841 -0.791051087 -2.861550668
-0.01622743 -1.205652716 1.563988005
-3.091448125 1.620318337 2.95175904
-0.174897855 -1.422500264 0.848908334
0.102100831 1.242496325 -1.709000371
-0.028781939 0.05675605 1.243886743
0.03763856 0.261284113 0.699023416
0.398263868 -0.300163766 0.987279099
-1.161286031 0.625682909 1.427514322
0.252769578 1.901194677 -0.469293576
0.98435652 0.123321789 -0.282064107
0.626682773 1.692788176 -0.873431455
-0.299774432 -0.467112377 3.16864946
0.218256504 0.19365234 1.813293688
-0.746711089 -0.784676746 0.140938469
0.039119893 3.656959637 0.538348507
1.932498694 1.691373502 0.71117039
0.346785395 0.785139482 0.061354425
0.949622853 0.60500582 2.629160032
-0.890946644 -1.064389982 1.224726759
0.389819252 1.730966071 0.147678873
-2.127021502 3.703359656 2.520076632
-0.37056799 -0.893856407 0.448718523
-0.646884026 -1.067853961 -1.54906313
0.965152984 0.433217712 -2.029549553
0.346842936 -1.056509044 0.189292649
0.776204361 1.146660496 0.914186919
-1.478619537 -2.246165391 0.131744068
-0.1448654 -0.565084011 1.964927962
-0.046235199 0.107359447 2.047683894
-0.317521212 0.279530092 1.53922368
1.854261984 1.142798506 -2.547559048
-1.122660162 -1.411763793 2.155651025
0.121490138 0.004434364 1.070247875
-1.432839032 0.392957195 0.025298781
-0.547405881 1.973493827 -1.238601004
-0.439186478 -0.997947865 -5.450783681
-0.504006416 -3.127046548 -1.037589667
-0.84821427 -1.306726605 0.200477703
-1.188738173 0.237608866 2.951960205
0.73457949 -1.095880516 3.293260565
-0.655083298 1.256435834 3.923347066
0.669018899 0.161570502 1.742748909
-1.617689172 -0.73578008 -0.095104067
-0.908540218 -1.837686745 0.757867973
-1.602517372 4.399866028 -0.471424915
-0.357518157 -0.586604155 0.002503123
0.663630791 1.559365215 1.739607951
-1.068387863 3.418180296 0.078698091
-0.87538904 1.280112061 0.449288163
0.323702266 -0.446231667 3.715794931
-0.060555607 3.008835414 1.937656858
0.142691748 -2.950818048 1.029575955
-1.719824971 1.002816426 0.419064113
-1.125644818 -0.054125263 0.605832111
0.357453976 0.509877232 0.834970789
1.943052321 -1.05461845 0.195301584
0.820031095 0.542745858 -0.433483858
0.306254329 -1.842651867 -2.265006991
0.322798047 -0.487538639 1.529184248
0.774300615 -1.17829241 -1.722971508
0.016382155 -0.52998285 0.293903488
0.158415069 0.857983646 0.754376641
1.233984174 1.141546963 -1.829002874
0.206566001 -0.334972203 -1.489158731
0.461949936 0.083639743 -0.072974294
1.951126386 1.336473914 2.131970233
-1.817202945 -1.732362629 0.607887814
1.41935657 0.16675028 -0.080046265
-0.502273351 0.327216453 2.015231668
-0.877977782 -0.762018079 1.512352529
1.333852254 -1.036489003 -0.040741121
0.112982884 0.817785893 2.601396864
-0.12123324 0.146075777 -1.298841543
0.537776362 -1.902473626 1.102882588
0.622924182 0.459186031 0.925591286
-0.70502314 0.705555907 -2.705871736
0.488614901 -1.414814754 -0.900632438
0.503820253 0.427214278 2.089802036
-0.456783401 0.168962382 -1.532759833
1.648827723 2.031892558 1.744624242
-0.100607509 -0.727607632 1.797813221
-0.42271804 -0.42179116 0.375559519
0.960486288 0.696859522 2.94955016
-0.932988278 -2.818981471 -0.671432579
-0.800381539 1.26757625 0.783344773
-1.939607391 -2.714711574 -0.055665163
-1.122036193 0.893655805 -0.140716313
1.108333789 0.977908979 1.583719725
-0.17725029 -0.139747322 0.321984743
-0.797899024 0.772346744 1.323807074
0.73145226 -1.645621783 0.269444426
0.06941253 2.687711535 -2.299204941
-1.017903894 0.817602781 1.205902108
-0.58613285 0.660152855 -0.723341845
-0.806457043 -0.033764962 4.325649472
0.341150872 2.7946754 -2.817917044
0.142284467 0.484338449 1.391329966
-1.648514377 2.372505769 2.202118174
-1.153237645 -1.795659288 0.110393968
0.821511222 -0.107669628 2.187187181
-0.247723559 0.786679606 0.581054566
0.796697741 -0.694347029 0.107947084
-3.222133769 -1.219167507 0.397563151
0.407905028 0.048995425 -0.742239554
1.03202621 -0.877828086 3.377252422
0.28766524 2.046079209 -1.444731631
0.08152959 1.616685698 0.532745899
0.079833366 -2.555241007 6.199258169
0.478883132 -0.936462914 -3.348306072
-0.000336059 -0.00712571 -0.32905023
-1.388423734 -1.120918756 -0.455273871
-1.980852268 0.364482967 -0.262762422
-1.160706872 1.036712402 0.229819136
0.816751948 -0.699170301 -0.701692991
0.934989768 2.171146254 2.42327363
-0.074658392 1.196597772 -0.454546903
-0.581266936 0.526574568 -1.055749722
-1.258146474 -1.299036589 1.630100396
-0.152706899 1.832738807 -0.443073062
-1.438047558 -1.623822954 -0.673223893
0.718246551 0.477531919 -0.96896407
-0.60202534 -0.345212438 -2.774899536
0.181379136 0.787356319 -1.291292068
1.52435814 -0.506740958 -0.490662765
1.270985543 -3.103448404 -1.940217243
-1.333033953 -1.551377236 -1.558781152
0.506040257 -1.46983812 0.373442207
0.570193996 0.715535261 -0.825710884
0.044084888 0.268090818 -0.55315735
-1.614650341 -0.429819216 -0.455449381
-0.060576516 0.581261895 1.187420729
0.10254713 -2.647435786 0.244757982
1.920870083 -0.840487921 0.697050125
-0.38987719 3.304130003 1.180181522
-0.376671056 -0.968685042 -1.624848951
0.621676541 2.250489039 -0.445958285
-0.88677412 1.129692842 -0.522735834
0.727384548 0.097372982 1.068268555
0.49618227 -0.039857877 -0.847062616
-1.054296695 0.735141895 0.349135038
0.273497682 -0.19061126 2.38632652
0.870589139 0.40494039 1.381130736
-0.226258914 1.67938654 -0.95168485
0.257972351 1.586061384 -0.26845245
-1.017291344 1.698299805 1.409858751
-0.290491129 -1.137918875 -2.408707982
0.127848948 -0.522699087 0.997882637
0.366912368 1.117835715 2.754794517
1.892315214 -0.023150165 0.119944559
0.617730472 0.062131029 1.688632608
0.607316487 -1.173640048 1.165749254
-0.130781935 -2.342908324 -2.052349496
-1.169013126 -1.150943147 0.705045163
0.526171386 -0.77713531 -0.148060173
-0.766875655 -1.365768469 2.425292444
0.402239316 -0.044189833 0.45961222
1.728783859 0.766246148 -1.518379686
-1.523475513 -1.367495364 1.098254739
0.467311492 0.248358763 2.189726838
-0.875386985 -0.296092819 -0.938213108
-1.297104743 2.33732989 3.448477726
-0.237986111 -0.69051139 -0.010099088
-0.567056636 0.318844289 -2.037442551
-0.46633134 -1.182011918 0.337752859
0.216221988 0.456901356 -0.317929139
0.678219884 1.560842695 0.481374819
-0.833561936 1.387732211 0.683176343
0.033743741 -0.579050842 -0.624553648
-1.330320968 -0.234635404 -0.947775189
-1.434100539 -1.967522244 -0.366605761
-1.904661445 0.695923881 3.154295947
-0.829726367 -2.153443178 -1.059177554
0.438982683 0.829274225 -2.920577911
-1.198907164 1.566652335 1.6682807
-1.410411415 -0.103108575 -0.019788172
1.729700315 -0.860166168 -1.500084449
-0.035222782 -0.070366694 -0.985184336
0.12620796 0.107059244 3.260673586
-0.879660403 0.218758445 -0.621455523
0.365066234 -0.592464198 -2.301049603
1.004332216 -0.940635224 2.807455268
0.156248624 -1.32267296 -1.229283747
-0.686709385 0.83525231 1.388243718
-0.382093644 -2.101984624 2.599852501
0.433377187 2.001636011 -0.379531242
1.877654403 1.006158379 -3.192839404
0.30613203 -0.516193629 -1.420693971
0.288981403 0.07645323 -1.123344078
0.710590289 -2.362975828 1.324079191
0.641142928 1.154731535 1.763493565
0.621756506 -0.312778808 -1.725244581
0.423674745 -0.453843054 1.256104478
1.178626143 2.67917662 -0.851940608
-1.298227604 -0.669885022 -0.252992218
-0.940549992 1.758534844 0.647375048
-0.440739489 -1.948069896 2.097363207
-0.128922555 -0.153674752 -2.198590457
0.680029979 0.600480396 1.361528005
0.577101276 0.153835007 -2.428277406
1.504912733 2.067857867 -1.575759327
0.934669989 -1.964756275 -2.720689208
-1.819547486 -0.999621947 1.559236463
1.117933271 -0.708034042 0.694818336
0.339370957 0.366936484 -2.001460659
-0.777750106 0.349797185 -1.624416159
-0.648622085 -0.075827826 2.318482221
0.338011281 -0.086222002 -1.284092767
-0.296059473 -0.785352274 5.018494204
-0.10719833 2.220914176 1.121026799
0.537362967 -1.458551672 0.638246783
-0.130844602 2.460005835 -0.768327187
-0.05960064 -0.39518485 1.754060704
0.600252104 -1.24274205 1.464166913
0.155647398 -0.051378453 2.106026257
-0.164634584 0.668813625 -2.063072869
0.543172969 0.725646173 -1.618304644
1.079617839 1.108993346 -0.512624019
0.189622713 0.414790875 0.20986758
0.536374817 0.391851492 0.941312069
-0.950127324 -0.701369597 -1.537305765
-0.539802997 0.040476344 -2.215660792
-0.485688502 1.950988309 0.501939783
1.551770411 1.225944898 -0.424522208
-0.7110335 0.012647456 -1.536871828
-0.688274124 2.414891919 1.066055983
1.50254492 -1.89725078 0.388538212
-0.524797718 0.490318815 -0.478778737
0.923574897 -0.62824209 -3.116121254
-1.74399573 0.35437794 0.618849493
0.833775409 1.194120326 -1.839666952
1.614459958 0.413013502 -0.076018138
-0.146457785 0.63848162 3.50787413
-1.105041513 -1.919784279 2.609998624
0.238733742 -0.392120173 0.822524279
2.059613078 1.22938795 -2.418527638
-0.08400921 2.256820609 1.019967717
-0.063810991 -0.57863479 2.927498462
1.695544916 0.682906528 -0.965593239
1.311837994 1.103878225 -3.116998229
-0.39585007 1.356217967 -2.408579597
0.039072665 -0.241900516 0.581778268
-0.584808893 -2.063546547 -2.251887906
0.251234794 -0.482968773 1.412626106
-0.794486979 -1.365291955 -2.969634757
0.031329658 -0.402461896 2.187585796
-0.747504548 -1.45805317 1.294479418
0.742097978 -1.913705766 -0.20451429
-2.661937653 0.015701185 -2.677602667
-0.803392497 2.026759492 0.565632463
-0.527978365 -1.965781854 -1.21501382
-0.311475237 1.686927806 1.685320649
0.903891133 -1.808171916 3.042490793
0.495710593 1.756023519 -1.982532143
-1.352681415 -0.577087618 -0.170366125
0.13135648 -1.410302858 -0.187170467
-0.524321241 -0.67707893 0.080109987
-0.137680946 -0.333203339 2.95467717
0.951257505 -1.08190321 -0.843022835
2.336235088 -1.121098796 -0.6329317
-1.638262472 -0.284167452 -0.983141708
-0.085460266 0.133423943 -3.064721489
0.995240165 1.711141595 0.210753774
-0.310735404 -0.93908505 -0.550182434
-0.469061965 -1.27651115 1.011113963
-1.008817567 -0.309090396 -0.830020167
