0.729834706 -2.073388029 -5.382771388
-11.40430342 -5.132577873 3.535159284
-3.122320877 -1.644892198 -1.065487707
-1.875866635 2.091262977 3.926755715
5.652131218 -1.421692443 -16.85040519
5.479260807 5.664260977 -1.540809037
-5.858411167 -0.352574041 11.31539934
0.300893554 8.272787859 5.468712019
2.093210988 6.132508228 3.951240058
-0.760673973 -4.453593264 -12.16564741
-1.785490513 1.14322427 7.516019794
14.47343058 7.728867364 7.425063017
-5.924657994 -3.549178571 -0.902913079
7.064525585 2.289497696 11.39835486
-6.955113737 -8.930074792 -6.824022545
-14.38362699 -7.850954244 -5.46333261
-6.906701133 1.590636158 10.74048026
2.749424009 4.634229735 18.77703771
2.656970637 2.378006066 0.977936055
-1.828156341 2.086391854 11.39226721
-6.02782131 -5.218835129 -14.06033824
-11.44099055 -7.858421515 -11.04410414
4.281227796 4.754520002 0.839872373
5.153764161 0.714654608 4.44776473
-4.059631623 5.379013596 4.473047065
9.352777834 1.266542681 -5.39145428
3.651273683 4.617738399 12.43956322
-2.968237719 -5.99418585 -15.66689904
-3.13792569 1.300774297 8.006610424
3.927301598 3.872064199 -9.765950013
2.852203072 -1.68909288 -5.101411277
6.731496337 8.066956935 14.64993883
5.201767019 -1.29361497 -24.2807549
0.855597824 -0.253661082 -7.962707476
2.369354848 -2.408214831 -7.290699528
-3.879492564 -2.854769199 9.200850992
-2.935441587 -0.172452135 3.060746134
-4.922601595 2.962531772 4.123741801
11.30440224 5.960589885 6.957184526
-6.340108904 -3.300403448 2.24113438
4.272854369 -3.525743911 -9.702794176
0.03606415 2.597585561 11.35465685
4.129281705 0.326599674 -9.856175285
1.570882296 0.868991513 13.32989301
-5.192046846 -3.441200498 9.689098127
2.369038724 -3.796756159 -5.168308687
-7.347805763 -4.227519802 -0.655300716
0.92691353 3.241775231 10.13784816
13.55968059 3.901089208 8.505825133
-7.07696909 -5.813052756 -6.006991119
-1.039587007 -4.055294847 -16.86246387
-2.180295375 0.445147577 7.766176177
0.501598326 -7.140480174 -15.02475346
-5.662481943 -3.963296786 -3.628491196
-7.662208814 -1.855098413 -0.072052923
-2.876780463 -3.847658195 -1.677088337
6.342504298 1.934339745 -17.40983865
3.716811016 -0.911115561 -8.357909705
4.175248512 -0.954829688 -10.98301029
-0.200597764 -2.291335349 -0.468869407
7.476702858 5.496513922 16.21247769
2.274147684 0.740715036 -12.34795722
-7.143787874 -2.863397597 3.493768109
2.61246976 3.900355779 -2.975062828
0.247364545 -4.855387607 -10.26496125
-3.15875279 -5.161565874 -1.313010759
4.532387481 3.345812406 -0.579784892
-8.262103083 -5.481872409 -7.9451409
5.195433194 0.694463163 -12.08935706
2.719454257 1.781815389 -5.513401833
-2.905342161 -1.953687754 -1.36042101
7.899584182 4.494867563 0.735886045
-3.569487169 -2.143363238 -9.964124485
3.3943656 -2.348787775 -10.63110188
1.956345638 3.48245197 4.885958655
2.766855804 -2.176069713 -3.631149471
3.594669454 1.459888981 1.256721852
-2.779408833 1.995327132 10.42777183
-5.042429035 -5.783617872 7.997703512
0.706621752 1.978219542 7.732855092
9.641242278 -1.878318362 -19.79972877
-9.693043831 -2.652669923 2.169420342
-2.391893481 -0.216279817 -3.188684675
12.45206869 7.07730646 7.795079192
-0.309830118 -1.699589153 4.990429888
3.021957227 2.824840905 4.080603285
-10.06788534 -5.563592195 1.050985576
9.690086851 7.667357108 -6.331352471
5.260799054 2.592646954 6.809791831
1.133609323 1.285888544 0.082215825
6.240163319 -0.451615442 -12.22182102
-14.13290916 -11.83029387 2.330313491
-4.373806481 -2.896866499 0.240429723
-4.805654315 -3.727702411 -11.11550074
2.729274401 0.481597932 -6.463103128
-4.230947779 -6.115219198 -9.135212954
1.626973971 -2.268573753 -3.985870119
-10.11903553 -4.39245763 10.25592526
7.423216117 -0.932856554 -7.006212919
-3.085956316 3.644453371 12.10565489
-2.995323356 1.436214314 -0.957502336
0.010883485 -3.724271151 -15.13486956
-5.480870762 -9.745223897 -9.225655586
9.964393309 2.318687737 -13.96496725
2.228995931 2.608110026 6.152843082
-8.070127885 -4.990687441 1.458796034
5.522201642 4.493599075 4.10389676
8.107684324 3.816041729 -5.434058587
-1.985738589 2.136030005 9.517271855
0.514522999 -2.388763246 -6.737548137
-3.545333054 0.624710376 6.258670058
-8.412058196 -5.522896924 -10.72087551
-4.405188636 -2.703980168 -0.156124065
-5.498699041 -1.9280651 8.794198555
2.340309045 -0.862353641 3.913951111
9.485570801 8.804376477 -2.698832009
9.814146357 3.843944278 -3.292624113
-0.076872175 -2.763779726 -4.680553592
-6.723284463 -6.594388134 -3.046998994
3.761163922 5.876395222 -2.487602602
1.214554806 -1.034828879 9.827754904
-5.269385976 -4.027610946 -13.96860087
-4.854676587 0.843534175 10.14533294
9.17287077 5.379809544 1.510808979
7.480336609 2.62293218 -16.16731088
3.749573574 -1.810612292 -22.21952276
-5.862003772 -4.066403881 -5.330861936
6.358238381 1.814586112 -8.470554612
-0.75175952 0.094575329 -8.453170405
4.252913854 -0.322004051 -1.634814399
-3.042769502 -5.725869018 -20.03175452
3.363140689 2.451219576 0.466297549
-3.067179386 -2.337649222 -9.815469038
-5.493702598 4.565790718 16.50696617
4.716055922 1.811198141 1.117791511
3.676209772 5.617130591 10.28933791
-4.139097473 0.391445354 -2.616026028
0.766107048 5.399489726 14.80255664
1.358330402 -1.663046394 -11.5849901
-7.089720909 -6.370348022 -12.9739689
-5.05286235 -0.700542905 -1.941167482
-2.219975447 0.36740952 -1.407150349
-1.982313762 -3.15916444 -3.772417502
3.314977472 3.053436506 9.600452187
-3.007817752 -2.496795211 4.117619664
-8.371476559 -0.712438836 9.837240799
0.200079201 -0.344371899 -14.01694076
4.635113597 2.152891175 -2.710088016
14.73308336 8.419835222 3.960567409
-0.718179524 -0.224871961 -0.985593377
-0.561540907 -1.239414944 9.547679429
-7.707516589 -0.404298819 2.966057808
-3.80821998 -0.463387308 -3.946638647
9.11004206 0.858844354 -13.2510999
-3.632473138 1.239014066 -4.97227769
1.834133082 0.048611879 -0.03608086
-3.369229504 -5.23969412 -3.748556911
6.021368798 5.383168848 13.18472738
2.081787282 -0.393557182 -6.639757582
-4.938527064 -6.609959829 -9.320344299
-4.17422359 4.234332576 19.80024363
1.991159583 5.490034748 25.36483209
7.94706205 3.858172875 -6.110445119
3.679839819 -5.245175965 -12.12497913
4.220178441 2.386178589 -5.659789105
8.333173714 8.146646554 13.29259558
2.26598034 5.318178848 12.27353427
4.691174138 2.760378995 4.940516224
-10.08591183 -7.094357654 -5.981980675
-13.01627562 -6.790583502 5.357196734
0.679501585 1.756187223 1.629814499
3.158523844 2.413445237 -8.55439298
1.813906883 1.350917743 6.31723319
6.70237778 0.673116658 -2.05420336
6.550778646 3.126690329 3.200101873
-3.409623536 -3.47030448 -0.957078853
-7.12410284 -4.675547091 0.798920401
-2.301041709 -4.48224829 -5.964842649
-4.044617242 2.574733065 16.92502115
10.12683806 7.052318476 -0.370617529
-2.854282664 -3.238911053 -10.87072559
-6.0183839 -1.667245105 6.444100395
6.219300541 5.329626798 4.73662722
7.6742887 4.067068698 9.029817593
1.514339173 -3.352660792 -19.18436454
-3.899568425 -2.457511409 -5.995155296
-2.703235431 -6.960650626 -22.87640167
4.36807007 2.914719224 3.637945732
1.224832862 2.807452715 10.61507552
-6.780066801 -5.360650665 -6.286894271
1.458125528 -4.126950333 -2.543806267
1.35922289 4.744439983 2.42712675
7.63994371 3.252926156 1.835294873
3.413097256 -1.213646349 -7.70553019
-5.880741342 -2.054052033 5.056785179
-0.866417365 -8.785967513 -16.23529213
-4.183314377 -3.67648922 -7.115161095
8.668035865 8.292487374 15.37771629
8.216869908 -0.910347161 -13.34512507
5.103041377 0.656970669 -6.10489002
-3.776125136 -3.724840075 -2.454351703
5.591073589 -3.524732205 -13.72098997
0.343694501 -0.357907313 -3.1053846
0.115645344 -1.205290218 1.360068773
9.217647052 7.59106279 8.100581365
1.791751951 2.96982951 4.549378916
-0.970809029 3.832864883 5.077915739
1.640613269 9.8829711 20.41832829
0.148870837 1.656770477 -3.513120221
11.55909984 7.922417779 -3.058596892
-4.190505205 -0.867818875 -6.331950814
2.250841409 4.204554689 -3.367012755
0.438754889 -1.80159596 -17.74110237
2.204074482 5.239422225 -0.079314995
1.526277744 -4.02615675 -17.74294011
3.81010996 4.617524389 2.653169235
0.891641549 1.932755022 0.043027028
-6.699608737 -1.331024561 -2.275499583
-2.042409093 3.061445696 7.335875623
13.22395385 10.37192171 11.89221168
-2.270087192 0.288041319 0.451827851
-2.528680692 -1.321449873 2.551610878
-6.57969126 -4.030518335 -9.841361671
-2.390882233 5.098329033 14.7189614
-3.751484053 -1.491787566 -6.135431732
3.004874421 4.718238646 -3.927744191
3.492126554 -0.760312235 -4.287872311
-2.740532382 -0.995376162 1.313489264
-10.07356024 -4.842963611 12.45728403
-2.766592055 -1.896939398 -16.75075406
1.566401095 0.263370687 -1.990003589
4.716488931 0.965218114 -2.788611867
-2.789318706 -2.643544661 -1.862564979
-3.85284355 -1.474213487 3.400341311
-3.90798474 -0.940240805 -6.057691705
-5.719166251 -3.928815046 -6.337284516
-8.582785841 1.344868257 -0.285042136
11.04495492 8.211249056 6.366995314
4.513925826 -2.194914713 -2.45743549
-7.341392781 0.58105771 19.17309174
0.626700019 0.273195096 5.346462063
-2.250828236 -0.572336071 4.969438567
2.650430743 4.163188176 -3.443171679
3.045862625 -0.918447717 -3.426223923
-5.524034208 -4.802598282 4.378640709
1.794919755 -0.704936012 -13.13694936
-8.260310514 -4.523946639 -8.208929795
1.13532065 1.898583738 -2.412318185
14.70340961 7.998777177 -6.534540756
2.446979925 -2.387758488 7.295059902
10.85921603 8.312287285 20.44190034
3.237354893 -3.815626739 -0.405877922
-1.971095655 -6.059483574 -11.0009342
-0.845542878 0.37492723 -0.198299711
5.445300495 1.564449573 2.609055145
-0.108163968 -4.893008785 -10.64570682
-7.531917046 -7.528656344 -13.53932151
-1.442092888 0.334644868 12.1142475
6.369557623 1.867934411 -13.92821539
11.49293365 0.827424383 -8.990346364
3.833091456 3.441563809 -4.369300082
-2.31689241 0.602186864 -8.630886302
9.278274623 6.553035151 5.522847141
-3.299275922 2.48053544 9.018925135
1.965523175 -0.078867085 -2.233462053
-11.17236597 -11.59047912 1.568326663
-2.554213569 -0.924972921 -2.842136684
-1.176097958 -2.088038682 3.582111861
-2.875273121 1.217778611 3.34884973
1.134719042 0.111837757 -6.982012136
-3.411748627 -0.933635934 -3.838044653
2.808700164 -0.485866143 -10.2016702
2.339365581 2.84214841 -1.597996999
-7.289168637 -0.691297257 3.122019747
-9.262940516 -6.317988043 -7.35778533
-5.376812866 -3.975868237 -4.436601758
-10.28925484 -5.242623836 1.420193299
9.052802196 5.490491947 -3.201990483
3.626462186 -2.312641539 -8.856820511
-6.790969105 -3.201493184 -8.031968468
5.281665127 3.216651375 6.45661195
11.32609644 0.71338204 -8.714483301
4.468471714 7.025185185 9.746745421
-0.1623158 -2.183907902 -0.249872203
7.014566893 5.104135191 -1.180097292
-0.760653098 -2.914723856 -8.895716466
-0.229543006 -6.702932037 -14.25636773
6.987991067 4.953158142 5.125892756
12.30773362 11.63115408 17.58534006
-0.779116174 0.390390405 3.699594877
3.9359864 -1.253886203 3.341440082
0.106043892 0.883200579 2.928214213
-5.513683809 -0.629054271 13.88933821
6.185652449 0.84784579 10.75536746
-1.188790336 -1.907541055 -2.026020316
-6.227310236 0.366164746 9.267396667
2.740429544 0.372670226 2.10710252
0.096108692 2.299952365 6.912078715
16.48213188 5.044740551 -9.287336879
2.915806133 4.61116537 3.377220508
-3.742734901 -5.183934575 -0.69524203
0.127382952 -3.357888721 -6.736323987
-0.055843847 -1.110981869 -12.09117657
6.185611508 -3.234711072 -9.88417595
-0.374434506 -2.979945272 -5.641292938
-5.734447089 -2.372983113 -8.462465659
-7.421300799 1.302860742 9.030215077
2.851085656 -1.793021333 1.650932838
2.248731056 1.860832461 -0.365611944
-4.135383218 -5.732812184 -3.358724674
7.492979437 4.448346439 4.562408344
-8.695993661 -10.90926346 -22.76028368
-0.544671206 0.419831434 7.853937083
-1.818732884 -1.747970047 -4.463876219
-7.629000546 2.245237754 21.99392806
-6.281720206 -2.46324925 -2.13924432
-0.992926109 3.711655185 12.75534867
7.91183695 3.689056303 -2.319029333
-7.01767675 -3.711677468 7.113489093
6.185828638 0.532901714 -10.34383019
-0.525138632 0.718847593 -2.12218906
-3.32914536 -0.30991735 -13.97008755
0.853782993 4.706386729 7.320306948
2.900805346 -2.719692059 -15.56524786
-1.005003805 -0.448662403 -15.39437116
-6.290011032 -3.000615512 13.24062902
-3.918944193 2.391201045 10.08246024
-5.001313561 -3.190403636 3.879412931
-6.30299825 -2.477277658 8.895882107
3.020779231 -0.802271904 -7.593979975
9.440227529 6.425587095 -3.339909091
-0.002459675 0.430985578 0.062200431
-0.038431974 -1.085107793 -7.09522354
-12.80314589 -4.270944814 5.13080936
-1.71257631 -0.440749204 -3.452806561
-4.621351373 -4.524594937 -3.706681616
-0.47086925 -4.247294373 -11.17626818
6.810329341 4.802048515 3.589016684
-4.761983004 -0.765424423 15.04684353
-3.63616432 -1.662742087 4.387277288
1.449679938 -3.152190109 3.328935114
3.380665869 1.642668772 8.948182206
-1.178541305 2.720102548 -0.884830238
4.952428772 0.406265555 2.632488299
-8.912490339 -8.26158904 -19.60434457
-0.146853625 1.77736165 11.56515453
-3.404703635 -6.52526567 -7.420790193
9.506188353 10.20889147 18.12820566
-3.256362615 -1.391240753 -4.624778609
-6.171711883 -4.531901721 8.64535274
3.412472628 1.043993862 8.706878254
9.703490537 6.326691615 -16.37675
2.837728605 2.342095855 -1.219285875
-3.173508029 1.760547127 14.27447732
-1.122647961 2.021526452 9.239412421
-12.51516027 -2.696684716 10.81925271
-3.033918151 -1.847970403 -1.424902988
6.408724041 3.522084786 6.585547057
-3.847737765 -8.117701668 -1.583932327
6.392844073 0.573578509 -1.463807305
-5.978428625 1.714536134 0.222098857
-1.031345746 -0.671653779 -1.382028384
-7.335350279 0.759395458 5.210700631
-1.376966637 3.524495012 18.77004204
-2.368201957 2.669564111 13.48940469
-4.303223402 -9.989092977 -14.00686275
2.392394888 -3.500339492 -4.956746931
8.680832689 1.002791323 -6.075966529
8.611221195 9.663095776 8.855324304
-4.675932834 -6.179341964 -10.1819278
8.504299169 2.085374586 -8.679873562
2.262757299 -1.367921795 -3.493433843
4.194861335 1.645007277 3.936557771
3.867557518 -0.055101742 -16.19018018
2.010376233 1.147384087 -5.082096962
8.797848326 5.208991871 0.846865089
-3.484296524 1.870619033 13.9945975
-3.151327681 0.637076757 8.291849868
12.81209938 1.429485219 -6.970968404
-3.81443335 2.841448405 12.84055522
8.901322184 2.045371197 -9.289569754
-4.181962487 0.318504098 3.458289836
2.163019956 2.634704683 3.829473959
-2.633250225 -3.064126301 -11.93788533
5.402312715 4.139297849 -3.258453042
-3.751339142 -0.779604629 11.38003316
-2.726271283 -1.773752401 -17.16325852
2.418049811 -0.47860141 -2.681434014
4.988603744 2.853146804 0.59070245
-1.144573731 -2.797656904 -7.789477297
-7.729087525 -4.975907361 -7.655304548
-8.562151046 -5.70230971 1.762557739
-5.178545597 -5.690466097 -14.1292043
0.682184582 -0.846790688 -1.596671977
6.683757168 2.451008529 7.71668302
-0.56887232 1.585496854 6.20598099
-4.256280968 -5.569583062 -5.358837431
-4.315433124 -3.158018687 0.282429924
6.187128609 1.343511235 -7.169178923
-3.208698031 -0.292149594 5.663594879
4.052860649 1.467307448 -0.688343003
3.464121243 5.0043228 6.529409811
-24.9856244 -12.16921311 0.326397027
-2.18561886 1.435266511 10.65470642
2.273425037 3.659984876 6.066292822
4.595325915 -0.768421961 8.953805712
-0.823447234 2.521099741 7.17044178
0.583484045 -0.05560445 1.521599373
-4.554712327 -1.210464216 7.296392027
1.926811353 6.544923942 12.46682911
7.053361619 4.811374366 -2.705283396
-15.34238653 -5.700085618 0.100616539
-1.834291064 -3.57479893 3.19625055
-6.390591227 -3.33999316 -6.991925312
-4.6314154 -10.80355027 -17.36121567
4.669288553 0.123883883 -10.3745703
2.424548292 2.123849915 8.606960115
4.920976502 5.195477699 9.44699196
-0.777670591 -0.851438043 -5.880207104
-12.47083526 -6.307684942 9.346537969
3.49524842 -7.289159761 -16.16701852
-2.127720594 -3.552573314 -6.916772857
7.756086947 1.659577508 -6.751113228
-2.358820063 0.419732561 -0.95474834
-4.308704258 -1.489307934 4.524502496
10.90781667 8.020480278 5.971783833
5.98524475 1.058004799 -11.62358031
1.394361594 -3.04261685 -15.52158651
7.104180561 4.406107843 3.423089323
-9.982708229 -8.437619254 3.146601004
-4.944165642 -1.344122122 -14.46900011
-7.715165332 -3.421128297 3.2111339
-1.119571133 -1.66717962 -1.200747225
15.24172855 7.602215699 -2.742499059
-12.24522964 -5.969981588 -1.339137163
9.648281489 7.30270165 4.475945159
0.419590725 -1.117399986 -1.221667289
7.874673025 8.675617866 2.970107619
1.441491448 1.849415384 22.38009347
-1.222005935 0.822899458 1.452439854
-0.797963416 -6.664969844 -17.8388065
-9.384503612 3.052747441 19.09641968
-3.720346874 0.37335431 3.851321352
-6.84241026 -8.229699633 -23.15373416
1.95422383 2.418594097 3.400502623
-1.052609945 1.035928545 10.45967423
2.346078024 0.651279394 -2.913194572
-1.053388518 -3.518115555 -13.74863614
-0.505248641 3.382767405 -10.27977308
-7.460438899 -4.052630281 -7.836416712
-2.233012269 -4.331718739 -4.141997149
2.105877428 -0.887598382 -10.75269656
13.96396503 6.187316099 2.635528987
-5.537872866 -2.127778529 0.661540886
-4.356000637 -4.944406423 -9.316962484
1.353205801 1.401562129 2.036861344
1.325702338 -1.862452179 -5.234669374
-2.496000933 -0.531523506 -0.394891898
-2.173268351 1.710266707 1.14950505
2.418020663 1.400404503 6.184035555
-1.940616043 -1.462030826 -0.449520989
-4.409533211 -4.575508847 -10.92401614
-5.977374859 -4.222344742 -7.371070655
-0.75084399 1.730924221 -2.206567452
-2.184964077 0.613583568 7.421815329
-1.970710095 3.72610347 -8.759608155
-0.819691286 -0.443114146 -11.30771174
8.937528638 1.182827335 -10.89129529
-0.237234888 0.153713402 25.40113158
-1.742725002 0.231173203 -10.70170882
-6.356498008 -3.797028924 4.155734527
-14.25183447 -7.403986062 4.24323471
-3.221384409 -4.12582628 -18.52231524
-2.939974712 0.653818225 14.86455092
2.328434357 -1.642239203 -9.620303165
-3.031475319 4.018170219 5.614048813
-0.684895348 -0.732062175 4.371524501
7.70821568 2.058081342 -0.450147019
9.427977957 7.501905445 15.62226483
1.821494915 5.077421703 21.5007977
4.678071858 0.368822982 13.98609399
4.789655412 2.757629207 -1.767667954
8.455495478 1.548783846 -9.729828958
-9.079527984 -6.329872076 4.871800655
7.636076317 5.563099201 5.64121359
-17.26851491 -1.355961113 16.26721958
11.49785909 5.252688639 6.930863299
13.20095688 6.293415946 -4.117798683
-5.45617226 -1.036184221 5.645846916
-5.26730628 -0.738122587 0.857028001
-7.157913224 1.711827327 11.9730154
-1.904058564 0.955443036 13.69856149
-7.828316848 -7.681968452 1.660794838
0.50462586 -1.888560389 -2.878974784
-3.013986449 -0.202766665 13.09504699
-1.317822119 1.416819132 14.26903966
2.86929269 1.453835264 13.50613198
1.855690692 4.923143291 14.65529893
1.577068645 5.330958832 11.69964595
11.58134313 8.217892696 0.543436552
1.039601362 -2.823694325 -7.09289914
6.588533219 2.56566898 -4.304278508
-1.199094461 5.900256428 16.22123123
3.545022549 -3.59752633 -7.825494221
-13.62016603 -9.247232411 -5.335169209
-4.190014918 -4.417521956 -3.870563042
3.995937275 1.881620902 3.610880123
-0.513470507 0.553588259 -1.084307392
-5.994102044 -5.779491776 9.346451776
-3.423278213 -1.174352476 7.769920865
-0.063247744 1.859932332 -5.820941827
-4.262907051 -11.34423935 -20.42148848
-1.227849624 -5.690596083 -9.821903129
-8.640756021 -0.670940991 12.91779892
-7.930001835 -8.340146784 -5.95156595
6.623075915 -2.41769326 -6.490426986
1.418340731 0.525734507 -1.580673987
-3.487561201 -1.216980366 -8.206904215
-0.564132033 4.715922873 10.37203553
-3.652615029 -3.621336263 -2.442974681
5.214244 -0.888566441 -8.229335502
-7.740391734 -6.235390412 -2.9127074
-3.941159596 -3.755402296 -4.919131898
-1.917343746 -2.046958365 5.644463879
-3.928628832 4.13240318 9.199725784
1.095293427 -3.081001547 -8.479561529
-0.443924881 -1.794085062 -1.800844132
4.666496014 1.92125918 0.756088072
-5.094722029 -3.86636685 -3.903570251
4.401397885 1.710152921 -17.01647504
-3.254444357 -7.755941393 0.68218746
7.005879829 -1.217418715 -14.73260703
-4.877365393 0.022807595 8.874362845
4.530466134 3.861875944 -8.75901183
-1.176021875 -3.617924268 -12.1541384
-12.64774686 -5.486793219 -9.925959251
-0.65945209 -3.731022301 4.171117758
1.105432025 -5.621195105 -13.43462449
-4.537669002 -4.621258872 8.066852625
9.618527767 11.2760711 15.28263087
-1.355521596 5.5584986 12.02531663
0.433611955 1.294906531 12.99102209
2.485018176 2.136253905 3.264711174
-1.062788824 -0.792828909 6.561229463
9.492792689 3.302359961 11.735995
-10.45376812 -6.542878013 5.722021106
-1.641936147 -7.953864641 -19.19755837
-2.083120931 -3.976271224 -1.044756257
3.760775158 -0.492251963 1.523897661
7.510068774 5.128247691 21.7400438
2.720332896 -0.802956614 -15.32080061
0.714370061 0.284271809 1.749585954
7.038528182 5.333870354 3.424675214
4.650973862 4.1238823 -6.839872524
3.179458356 2.00122106 -1.713155707
9.154670332 5.877092597 -1.700428785
-8.989068763 -5.790244479 -2.50903902
6.253853855 -1.898731023 -12.01409387
0.460001768 -5.061843356 -11.20529274
-11.07549671 -3.843454866 3.841290186
-6.247898118 -0.079952151 8.713799815
-3.40857407 2.577238765 13.01673165
-1.284256668 -2.189178279 -1.484733661
-8.631634962 -2.366389509 2.2275512
-0.18258275 5.079231059 11.5910982
-0.565941218 0.213642201 -0.843236399
-12.04577167 -7.90499717 -4.943724024
2.228756185 2.582596952 15.46270697
6.127088319 0.799161468 -12.72372563
5.238996317 1.103512997 8.981932383
-3.989062016 -4.420737436 9.363792868
1.56058456 -0.965859026 0.913960373
5.636085836 2.776278573 -7.397933754
1.911246369 1.150803774 -1.014104272
-6.401481708 -3.022467377 8.592466815
7.766942296 3.853502181 -3.286814503
0.551483159 -5.032791824 -27.0383389
-3.520158299 1.407043859 2.178249621
3.112814359 -0.946222575 11.63254891
0.057675944 -3.806400856 2.553776163
3.867684045 -1.792969965 -19.31502994
9.901294177 2.408755311 -13.57215788
-3.369531448 0.861543475 3.508608201
-9.815607743 -2.644635722 -1.356331484
0.664508755 2.30830217 1.541710389
0.608958585 3.404851214 -13.58191887
-4.878637281 -6.427564407 -18.21164895
0.264543658 2.855908205 11.19456717
-0.12249669 -0.124777701 3.760336678
-5.485493493 -7.36918547 -5.902207616
3.550599235 -0.433770766 -14.8954539
9.894411034 3.201470978 -1.790684789
-5.26671698 -9.076092676 -14.33639694
-2.114849398 6.170212045 25.47028841
-9.661741736 -6.679704255 10.5594242
6.162292591 7.633010703 3.612937202
8.884660389 -0.137003092 -8.049179041
17.78391278 13.38759689 3.509678586
0.155818303 0.870793553 -11.83980974
6.739476283 4.403106231 -6.584549391
0.852653651 2.505446526 8.744541746
-7.605029201 -7.009964057 -2.45836779
-10.61656129 -1.062286223 12.60819878
-3.938922648 -0.61609809 -1.248399716
-1.736827012 -1.815337117 -0.414135158
2.547537763 -1.236166246 -9.725758499
-1.672215291 -2.857428876 3.792363491
13.00343611 1.180372826 -5.340857694
2.169407854 6.92739139 25.73406243
-9.311506195 0.25504708 18.3299636
-3.102938712 0.399740537 8.048554786
7.305538349 1.118673124 -3.341240203
-8.482868803 -4.009762615 2.560333226
-8.456643284 0.219322063 17.75044771
4.256874585 1.116241878 -0.709303265
-7.215184597 -3.997902359 -3.233652274
2.594243576 7.863600088 2.996146439
-6.940686668 -5.123560486 -4.986021521
2.848413418 3.73186747 1.393153589
-0.261719825 -0.602898413 -5.278938092
3.639865704 4.33066949 0.852503053
-5.574006313 -1.378503148 9.057587683
-6.548680414 0.964995803 9.983958671
-6.448129839 -6.104989941 -3.806233601
6.212987212 -1.609378402 -7.750799057
-1.974329494 -1.617977991 -6.113753266
-2.286610603 4.127481455 11.12190877
-2.419643507 -3.788790616 -7.118957244
-0.410958389 -3.237340027 -3.434942981
-4.115462314 -1.577014077 -2.946239438
1.53186222 0.645316696 0.410485318
-12.15129435 -7.164812269 -10.64771288
-5.671409748 -2.138774397 -4.655564017
5.984065608 2.898956508 9.719502595
-6.846651504 -2.536810954 -20.86426107
5.926283758 1.389576525 -15.91052857
4.412580379 4.725442388 -1.634751224
-2.573869714 -4.802586653 -10.04791611
1.585597767 0.693474968 -7.601880433
-8.595640696 -9.657559393 -17.42218395
-0.212042937 4.253810695 11.67115306
-2.395336287 -4.9447419 -18.948907
-7.487378303 2.215298098 2.427913959
4.379096259 4.196344094 0.271897561
1.314789443 8.463510164 18.58571627
9.65622539 4.407966731 4.138753251
2.414089188 3.34595402 6.564554505
-4.423308864 -2.632426866 5.051754875
1.025346021 0.833643739 -3.288186315
0.700599523 -5.645430332 -20.09682132
-0.524264711 2.463776824 -1.996833179
-0.424884935 0.21566477 -10.65472478
-0.593676949 -1.826556176 15.91462456
-0.504512022 -5.013164828 -9.532428751
-2.397887212 -0.959331239 -3.813735071
3.774704131 2.459284052 11.15597192
-10.2892623 -7.028577906 4.357020901
-2.40464402 -5.598054078 -6.591648132
3.654632195 1.796095553 -0.124246903
0.026777067 4.360714721 6.314494375
7.218769221 8.468140263 17.56073429
-0.976404443 -5.830153523 -8.529048841
9.165943332 4.785721947 0.192071675
-0.031014936 -4.453304724 6.414548466
8.271534839 -3.084057265 -8.557125597
0.061749309 1.036396835 2.127932625
4.725646193 1.572554495 -6.374048434
2.904259399 4.621310362 -7.650032854
-4.541666813 -0.431790673 11.60160056
9.050656105 3.602196006 4.505821332
-1.818582232 -5.445081255 -17.09314707
-7.529725 0.482748367 3.494893321
-4.079203576 -2.393648327 -2.776257819
3.281166511 -5.450483766 -10.8919038
7.631205854 1.003054603 1.719860081
-7.433656844 -3.734527477 -3.090685553
-4.565623192 -1.148136325 -6.317213445
-7.716094474 -2.585228606 1.039504435
0.705623698 -1.575706861 -15.96249398
-8.446728571 -2.202636229 -5.658957442
-4.14986789 -7.573708593 -21.48433676
2.841410245 0.082399587 -3.698333026
3.649753693 0.484403157 9.741741207
-3.554687842 -4.104163787 -8.260899554
4.770396436 5.185526832 1.995871559
-0.853957302 2.585908547 3.323816317
-8.095357095 -8.46982926 -16.65062579
-2.47001335 -0.905299761 13.7383909
-3.84567699 1.011807867 2.532255937
2.60542304 5.380428138 4.769865326
-3.6497946 5.237673765 11.37905233
2.344445955 -3.352063018 -11.01496991
-1.229198504 -2.676553452 -12.576315
-6.559814614 -1.956171461 2.283315427
2.296878329 0.805048875 -12.47752527
2.744737186 -4.420053779 -9.117782084
-8.540847691 -8.583336922 2.419690948
-4.353428769 -6.716385568 -0.115931228
-2.105134097 -0.570616594 15.12267811
10.14587333 8.61937868 1.149398161
3.355854406 -2.651474919 -11.90766629
-7.177800893 -5.991008562 7.612373651
-13.23214181 -9.413397336 -0.74349995
-5.130805406 -3.119116216 3.338783921
7.005478379 1.522846998 1.901867171
6.680690748 8.258657684 12.10602134
-6.015298089 -3.542669464 -7.974292291
-0.053668853 2.574367303 2.122722148
4.061367034 -1.559616346 -5.421189206
2.939611337 -2.853202573 -7.718089379
-1.947951566 -3.281655265 -7.507488329
9.969584491 0.303751689 -13.25533976
2.141172915 -2.567507061 -2.012665894
11.8206557 2.588187423 -21.34176153
6.698955543 4.64332892 3.924843684
2.478169909 1.665135075 0.451053642
-4.269849129 -5.619669877 -1.159537756
2.717271986 -1.059914412 -8.46253554
-0.711617079 -1.636349392 -7.538486872
1.590786902 0.508514419 -0.047043361
-5.585481572 -1.366848497 4.699968908
-2.022270599 -9.480161611 -9.751976875
-6.529731234 -8.425997858 -6.58452049
-10.40425473 -12.74809505 -16.02451483
-9.520773208 -7.250233458 -8.866205998
0.555868674 -5.326658777 -12.26565663
-3.542951185 -4.709076217 -15.84710034
3.986209776 0.526522454 -4.320278544
-9.53252505 -2.313435678 -2.705043981
-4.641845896 -6.755945977 -15.957445
4.685725113 -2.754503525 -5.0221681
6.589882919 -0.385709447 -15.89141061
1.2606961 -4.520967346 -8.7765206
2.640059936 -3.462711055 -12.77527927
8.062874864 3.450156305 5.55994459
-1.494567459 -2.358264122 -2.208035811
5.937186646 2.521494093 5.632727173
-5.797622758 -8.18411044 -19.88513978
-2.429230287 -1.916146835 1.065355804
-1.098437111 5.953467276 -2.680907989
9.097041521 4.137335658 -1.506278524
-5.200482784 -4.856682195 -4.988842877
12.55911182 10.94455787 9.12897324
-8.170606769 -5.351103556 -3.756995612
1.832022709 -0.139986145 3.295696032
5.71468037 3.281309599 5.442377033
3.649169134 4.751447266 11.70983261
-11.93573374 -7.420636883 -15.9489296
-5.111308693 -3.77649495 5.104182983
2.353154807 4.577862103 10.21982462
0.234193796 -0.029337061 4.648654804
-4.337327603 -1.988251833 7.951298009
10.76105745 1.47317312 -14.76009103
-1.749604418 -4.272132751 3.589267367
-6.234819747 1.825377697 4.391778448
-2.699775988 -4.042139945 -8.520837273
-3.179752394 -7.06950537 -10.5588084
3.830758506 6.105593146 29.17612178
-2.805895319 -4.667498722 -11.32798392
-7.788613694 2.362249349 9.718818218
-7.409573462 -8.817607534 -3.061628217
-6.991527818 -1.360491053 3.840202707
14.28249804 8.997983459 7.827427698
0.817869233 1.872371305 2.573448793
-9.622561962 -1.761993803 -8.046710642
-4.162358944 -2.839363797 -1.184579491
-2.864216571 0.88869759 7.715777083
7.955307955 0.488575885 -6.403033478
3.167502536 3.161946587 -7.382900485
2.844693303 -3.364121391 -18.10721488
3.412076141 3.765144112 -0.597850773
-6.027072846 -4.029358749 -3.153466098
-2.10863478 -2.871203138 -3.144737865
0.986217686 -3.111543539 -8.168671758
-3.513462596 -3.221865218 -0.394766034
8.733502265 6.686364001 1.785829623
-0.796885129 -2.43022383 -9.116342484
7.271895771 5.232662298 19.7661096
-4.275864504 -1.917879394 3.595773341
-4.148733258 -7.708501256 -6.331559958
-5.722064665 -3.234839015 3.806936355
-7.322382364 -1.35176113 8.958657248
-7.779433431 -5.928274178 -8.020762791
-2.489441939 1.332668311 10.46490528
-8.715649007 0.652357323 5.268316039
7.885829689 2.159619216 -8.270868219
4.231893921 4.731355346 -3.454229686
-4.348410477 -0.394282105 4.027588273
3.549744846 -2.235236451 -6.888510745
-1.282842889 1.043614615 -2.477763916
-9.284397294 -3.314892226 -3.783648274
-2.344078519 2.021315554 3.468175391
-6.236017039 1.134099475 15.13064605
1.260818234 2.434118393 13.42684645
0.081114285 0.461448707 -10.0694764
0.397150881 2.822959506 11.99484153
2.040927241 1.502467887 7.608176102
-1.408016349 -3.708387409 2.991441197
0.188448605 0.318698054 3.414152463
0.733706761 1.520263438 5.045263811
2.601812814 2.722822463 4.225819494
-4.505334835 -1.021407013 8.473225072
2.114315751 1.465934244 3.195696887
2.160725328 -1.179989138 -10.98714443
-3.391061973 -6.069461679 -14.18001199
-13.14004364 -6.799015727 -0.059606368
1.749488992 1.409065888 -10.0752657
-0.741257322 5.289695414 8.522784475
-7.962143799 -0.415789904 0.067091961
-6.820329499 3.259766858 17.12106875
3.170523569 4.832578547 4.234974315
0.642986372 4.591522562 14.1182357
1.83108911 4.376270635 -2.727571639
-3.559104981 1.214306733 -1.256408198
1.481711966 -1.665612943 2.522040226
-9.317066791 -2.100666106 10.69996915
0.619615691 -2.273618717 -1.691036477
-5.940792 -2.792002149 -6.816781319
10.0157939 -2.702338808 -7.928025319
-3.418753123 2.406968119 8.240778513
2.91031839 2.680824381 0.227615969
4.284223907 4.220404036 15.82034396
-4.149791039 0.464449078 -1.664165152
0.303161483 0.414956087 2.045763552
1.35224858 1.661115602 0.752076672
2.296958146 -5.086027978 -6.89843249
-1.802574003 -4.442769626 -10.27084116
4.384447779 5.599420381 6.005265824
6.203143049 0.190141935 5.470557554
2.105211118 -2.813256215 1.577259716
10.4840528 1.605931663 5.978238824
0.601563414 -0.841694259 4.444337155
9.475882581 -0.503674839 -2.339981239
3.917555893 6.758743698 24.54578832
0.46526888 -1.657750751 -7.143235821
2.868101858 -0.456570343 -11.59865127
-4.585522754 -2.664631054 1.430786032
-7.115457578 -3.421341857 7.94209366
6.588387167 7.380465692 4.538779975
-0.929275671 -1.270903007 -15.65435655
1.444285231 3.27018674 -2.126298404
5.439349999 3.306575066 4.528917508
14.2296016 2.240487834 -8.721159647
2.923039259 1.805851942 -2.892379475
3.462365498 2.517498897 2.653457154
-8.205981566 -5.855333442 -0.822331071
13.90198513 4.346439058 -6.012248976
1.741931829 1.292975044 -3.961117
-1.914050476 -2.74078836 3.755506401
6.241816587 -1.255947565 -2.795147258
3.863151712 3.606507127 -5.502171077
3.771209607 1.894480997 -14.92394473
3.957154849 6.126994933 5.252805248
0.602075377 -3.86890882 -15.07363423
3.490030397 1.902630619 8.472292167
0.292437136 2.563818556 9.655137542
-8.001911492 -0.266604189 1.864982007
-4.259406149 1.73764257 5.389392128
-4.552216828 3.714470307 15.94130234
-6.751325405 -3.31424096 -5.301642763
-7.135888656 -0.186199213 1.820360867
6.415966029 5.363162392 5.388394261
11.56841182 2.611149596 0.050379216
-8.861495462 -1.929691123 13.87696009
-6.183478104 -4.819214212 -8.749766636
1.434444693 -1.273294833 -21.41757431
2.893352322 7.213708959 7.772442647
-12.30411805 -9.373352419 -1.918833279
7.229409464 3.589947496 7.571301761
-0.330338158 1.091807412 -10.4558842
-6.175491617 2.54552663 12.49138783
-6.267428853 -5.593072628 -6.193155293
6.719740629 4.669841646 -5.059703973
-3.122841679 -2.122275238 4.961681834
-13.94506621 -5.481688485 3.07155361
5.425483601 2.035244049 4.709490355
6.165333247 3.417995494 -2.455514647
0.840496282 -2.363556559 -3.783114975
2.270562081 2.222884061 5.71407678
2.044555794 5.055957995 -3.110309599
0.586051841 0.683049157 -1.765915559
-6.767561478 -9.477996703 2.24592553
3.201764094 0.88851132 -0.234469657
-5.111529132 4.328765142 15.56634525
-9.933146051 -11.21127212 -8.949097606
6.591058804 1.202216316 0.87134762
-2.523377567 0.686840493 5.493285718
-9.289829229 -7.20336752 11.29822917
4.471044407 3.113601833 -6.002530017
2.742383255 -1.017465582 -2.5152618
-2.616984249 -0.854853724 5.360088975
11.29936348 6.261760459 12.21398112
3.411941501 6.13814547 18.89383258
-11.95651401 -6.51415987 0.056831803
10.47753237 8.354223163 12.92365311
6.811503065 -0.061373342 -7.928395667
-1.142437759 -3.666253224 -1.896055226
-8.837550158 -4.463129784 -12.59525325
5.32286284 4.088960631 10.72888597
5.217015226 1.415564129 8.728350156
1.491250109 -1.815631104 -14.65055797
12.41253555 8.462443577 8.957004334
-5.735075283 -2.508685302 4.098955451
2.354220175 0.226570095 4.860800244
1.289395821 1.90989895 -4.802757197
2.32633229 -0.215719767 1.878447577
7.504183678 2.200775227 1.739374129
2.617155166 2.94909567 -3.438291078
3.229562825 -0.820946534 -5.675462852
-2.314383588 -1.465765047 -6.945800121
7.255835632 7.843839821 -1.866354969
-1.256668657 -3.726595873 2.555448405
2.305343817 3.195881177 4.540984258
-8.390497844 -3.214680027 -2.712404527
-14.72623006 -3.962247987 0.239140358
-5.438450739 -2.459233652 -2.190498514
2.21821376 -4.936547537 -13.95708447
-0.021496924 -4.589574807 -16.60662933
-0.391457958 0.811689302 -1.32910392
13.64458456 8.33052088 -0.902354195
-12.20881881 -5.713760839 -2.564020842
1.939980064 1.355023769 12.52138139
2.187678105 -0.04746321 -15.8941299
-7.540864707 0.129013349 9.171642435
6.244092357 2.215366962 1.880747491
-1.106163624 -0.295722619 -4.399761838
6.352111759 3.129660067 4.21493316
5.085090967 -2.880265825 -25.74448036
6.05587307 1.451418095 1.101155773
-6.173389241 -4.290832337 7.61008281
3.918081349 -3.912085365 -6.505494657
-9.449532198 -1.995060749 5.788519816
-2.887397665 -1.484052955 -13.57779981
0.246346694 -0.330851866 -3.917837076
-5.539289739 -5.953940839 -13.52301466
-3.517581393 -0.480730109 7.559166412
6.398804099 -3.746126467 3.922838167
-6.252310479 -2.375131246 5.777753435
3.435972562 1.151354599 -6.906695792
0.032840316 0.915993077 7.2163987
1.931304293 0.278320181 0.958579926
0.258062489 2.0553616 4.867828659
4.131575588 1.474344358 3.807074838
6.855480294 2.044423988 -3.296360437
2.380007062 5.014064068 1.578985195
7.616436152 4.987973085 -4.262111462
-1.169296566 1.613936683 16.76200625
2.658839897 0.283307759 5.444236638
-4.884496992 -3.692475396 1.445397488
13.38681903 5.607436971 1.037729767
10.42743888 11.04008911 6.263427673
3.857489544 2.099358303 -0.548808469
6.049233385 7.062409329 12.53495509
-2.477932055 -0.209239229 5.156539549
7.890836246 4.975606625 0.308166213
12.94514371 0.163258558 3.868890007
-3.282841436 -2.975998009 0.229981871
-5.780195348 -4.592346582 -7.23336999
1.322100118 2.814748452 -5.681780456
-3.699078276 0.845172342 3.614881805
5.345706895 4.107628977 3.802487132
-9.905708101 -5.432607561 1.630153623
-0.610143046 1.591704643 9.8468131
1.82113467 0.931971273 8.096318358
0.438947627 0.147391582 7.613005062
5.515097489 4.576312683 -11.54114528
-7.052209277 -4.123705329 11.19983097
-0.196643547 0.730687591 6.097626279
-0.202559634 -4.989689125 -3.540222551
7.11945418 0.803738875 -8.108833961
-7.011335798 -6.738579261 -26.17467183
-13.15116287 -6.708645103 -3.05872557
-4.619177963 -5.529591837 -2.736428375
0.650605834 -1.18295309 11.78393467
-2.094603658 5.762039445 21.71659485
5.722006312 2.385557641 16.25340591
1.635012512 2.88702334 9.091892298
-4.272255392 -4.899236421 -2.108167802
-9.202953344 -4.462342572 6.341614429
15.13600902 1.664606179 -9.320695649
-2.060821676 -2.469527064 -2.064369422
6.615877384 5.135956315 9.278106481
13.54373652 1.980249812 -6.819416599
5.669453614 -1.297235099 -4.292023436
1.262615932 2.874004687 16.07678824
13.32560969 5.515661829 4.513622727
-12.08352676 -4.110643542 9.312517165
2.41186414 -3.808184082 -3.046850734
-0.296746052 -1.419264848 0.836237521
3.032272679 3.403356074 5.307724272
-2.098806745 4.434518953 6.632968223
1.929349097 2.432833035 -1.006312772
-10.43919772 -5.033642094 -6.854370182
-1.650900246 1.638672507 9.523862361
-4.535999315 -2.880428039 -7.923702682
-2.658717655 -2.380273577 0.376125291
4.318777854 1.441958094 2.822357047
4.96056033 2.664556934 -8.868307972
-1.853073728 -2.463206035 -7.936510112
2.713695225 1.073738418 -2.275001181
9.257415884 8.283512662 8.880127728
-9.189718795 -8.678634592 0.800064685
1.251912775 2.655934771 1.194887702
1.890740914 1.178839573 8.491602924
-3.974223092 -1.792818701 8.951509192
-4.964500545 0.321819256 5.224014753
2.978446351 2.887367677 14.07004394
-0.506413376 -0.657504479 -5.247348599
-7.51139229 0.184622325 10.24043639
2.377994078 5.739378788 8.911975809
1.277199986 -2.858605296 -14.94060332
-4.8783084 -1.53902022 -2.590669267
4.821730488 5.438016179 9.545939642
-0.961345134 -1.062328221 -6.685795359
10.64066392 11.63023737 12.38355745
0.067216785 1.260079754 6.499188206
-3.116927081 -1.260590897 4.09283155
3.419060486 8.438437379 21.25194795
-11.74129677 -7.909149988 -3.369240846
4.907948126 -0.408439324 -0.508334703
-12.04693824 -12.2303353 -6.345251858
2.320660617 -2.221718333 -4.58596608
6.366592764 6.737716723 9.046335644
-0.826030423 1.093918374 3.046063083
3.477422967 2.498366135 6.989115637
-4.438766215 2.898395818 5.726480326
10.27447024 3.842533778 -11.76111468
3.770659728 0.056684512 2.12680188
1.765002846 -2.194246627 -6.282530878
2.042779646 2.35670882 19.32133599
9.40651432 0.944218715 -17.19774336
2.796652966 4.063358556 8.635055797
9.248855336 1.532250909 5.777888334
-7.741427325 -3.882411868 2.772294366
2.234182658 2.968405096 10.11927918
2.278571087 -0.004959622 1.459906213
-1.146607352 2.025646318 2.362470804
-8.13386745 -12.0429964 -4.284830565
0.34410225 -0.181013891 -4.244090919
-0.175127155 7.27068767 20.77862902
9.344963751 3.082878808 -10.41041054
6.732754864 4.241026476 2.185238005
-7.705109834 3.117136281 35.5620351
-4.806935028 -2.260128514 -14.0168165
0.584841317 0.128585309 -2.593061571
-6.818463035 -6.486300977 -2.42319899
-0.890019319 -5.076856941 -5.470642913
3.185401533 -1.340848633 -2.410929761
-2.088033511 0.447570033 -1.31764969
9.462920102 9.411965646 14.85734394
5.272773932 -1.817969829 -7.38825543
-0.366816553 -1.085604536 -3.867338245
-6.28998105 -4.720197581 7.775820418
7.691530956 2.407801096 -4.182812467
-8.494585627 -8.012000283 -4.190463481
0.622519311 0.15729108 -3.77302014
-4.136922544 -4.829296935 -12.1544772
2.312496581 1.016668118 -6.009442908
-1.745490739 0.113900975 -0.434339956
-12.65153852 -3.670210463 -4.383247067
-8.434632255 -8.150432135 -8.863093628
-5.3856231 -0.923704861 3.810661778
3.97025352 4.294272323 -2.07022815
0.532241369 0.753827253 -1.674916336
-4.049683765 -5.126262635 -3.308792892
3.777871989 1.626398002 4.188122522
-8.801677923 -2.752118509 1.891851023
-0.929524177 5.304123358 8.337890176
12.42366263 4.220991228 3.0249486
-3.661410705 -3.121091164 -8.657741256
10.12566305 5.069631655 -3.7852188
2.842013218 -3.072973777 -7.032439216
2.515027231 2.615120254 4.067620981
-0.941884913 -0.417063831 -2.867360127
2.663927333 -3.063717344 -4.156399117
1.300094853 3.378670311 12.34881364
2.803869935 3.921215872 7.650790107
5.466716361 -0.870341809 -8.918086476
6.869957523 2.441129212 -3.711610703
7.178540861 0.167304424 1.158592793
-6.105511006 -4.704956128 -11.64631311
-1.288557221 1.273007686 6.22848749
6.000756173 7.598926197 16.09734892
1.446068638 3.660427003 1.971284873
1.983486931 4.468322612 10.07486437
-4.876878263 0.066824622 9.441273921
-10.93933427 -4.950427093 -6.847385839
-5.792612723 -6.595122802 0.540117682
-1.608753693 0.228695987 -0.76947215
-4.097155361 -3.300778593 8.814393172
-0.104635077 1.18902599 3.632935017
2.790779574 2.224342482 -5.758563184
-6.063698185 -4.585274798 4.646641796
0.954861436 2.635793347 12.52911029
-1.312415295 -5.576207701 -9.480179284
7.713992924 0.729819502 12.33392545
-4.131879844 -1.79044989 2.558060454
-1.287661897 -6.176521891 -13.7453311
-3.175301487 -2.35722437 0.289591414
3.037215997 -0.222797922 -5.029917178
7.768446493 4.643658764 1.006112486
5.144148858 0.813872387 1.313434431
-1.955508367 -2.117764823 -3.611882695
-2.782939206 -4.994094254 -7.384552683
-8.706052127 -7.056871446 -3.592923434
0.762801233 -2.185151892 13.41199674
-10.44402934 -7.656459353 -5.140192913
2.697852992 -1.177334866 -16.63822309
7.136216713 1.32446836 3.098306202
-0.82555579 -6.348978623 -7.326339091
-3.398538347 2.171150182 -1.304687589
-1.064346186 -2.193444558 -6.725652645
1.923523158 1.495966439 13.7448161
-1.494810914 -2.300261948 -3.092419765
-2.769511491 -2.420307667 -11.15585661
-0.968326622 3.899182699 15.72644502
-7.705373047 -4.909754073 -4.509134368
2.921637846 0.398156468 5.501053905
-8.061692617 -2.228825622 15.07640148
6.063885583 0.369030388 -3.837805788
5.094916431 4.735551657 -14.8061534
-2.050723576 0.538470188 -5.452586401
-0.188684683 -2.064002485 -7.098561531
-8.480657437 0.627050743 11.53948852
5.268162133 3.933329373 8.525001226
-2.154208895 -2.198484563 -7.967576874
0.220459368 2.292596903 6.714897176
11.71466807 7.100695771 -4.947371324
-4.920004056 -4.523188182 0.042676951
7.949162959 1.259340568 -1.874350627
-8.14154492 -1.332155304 14.25965828
-1.515418481 -1.667662012 -9.56661388
3.628341949 4.489436419 8.396582894
-0.525283422 -0.450584823 -10.14554954
8.561033118 7.961163285 -2.617137399
-6.524038648 -2.399213576 -11.62027031
-2.076550978 -4.19877633 1.895928187
-1.041352942 1.092561272 3.051755489
-0.438686528 -0.747843557 -8.35976906
-1.469834119 -1.292530285 -5.68749941
0.075409059 -0.18292993 10.17666219
-0.56821372 -0.688163983 -6.078209272
-1.909373033 3.504494452 27.58444411
9.84713706 3.373964264 1.75656267
-3.443377605 0.294287634 3.414961447
8.346017247 0.984804202 -6.636661764
0.374746254 1.798644853 8.54227697
-2.908053806 1.573295811 9.843250961
0.170223163 2.08250211 11.93563322
2.432121152 -1.135412167 -12.53699131
2.023180315 0.173764477 -7.575507831
5.309034233 5.292200866 0.510798399
1.399273133 1.915071133 2.276786868
2.128623777 2.718570766 5.63980589
-4.498659345 -4.619843822 -8.250827029
-1.966981499 -1.551621698 -9.392728656
5.866480857 1.52751411 2.293418802
9.367261954 9.773636746 -1.225504246
-2.182957955 -4.326228762 -8.506880629
10.75358588 4.918903097 3.080463167
-6.526966796 2.973401065 9.109362654
1.390437037 -0.947465349 -3.492349896
-2.422895309 -2.805268468 -15.65418322
1.20825846 -3.022633586 -1.232091265
5.318230059 2.523334959 -9.718442772
2.516798355 6.346100379 5.111530423
4.532267638 4.447924194 15.9895098
-8.304141285 -3.322577082 14.72516809
-0.012984949 -0.613905152 1.632569011
6.035309434 5.948561817 -8.942409651
10.04372902 4.798562267 1.995055261
-1.769568779 0.315334728 13.50321154
2.251384053 4.731265479 -0.213048702
4.166046444 2.0389464 -15.4728823
2.404554851 -1.893969425 -12.18681463
-1.050785332 1.495503977 4.339510161
-11.51653093 -8.63060304 -9.96060485
-1.27622157 0.090350181 6.531934655
-9.745728534 -5.500474979 -9.646738204
-0.968077688 2.001704841 12.99163264
-6.74795779 -2.950100757 7.514649693
-7.469771341 -1.395804975 2.170894698
-3.653665452 -10.49675822 -19.44406922
10.00589758 2.749889014 -3.133764835
-8.406984657 -4.39622219 -4.086152481
9.142278087 2.564783574 1.953059492
-3.969097358 3.864315397 18.19310731
5.844725005 1.163476992 -10.58377415
-2.515923909 -5.103414717 -5.071957727
-6.796626364 -4.243752604 0.107813026
-5.63961426 -3.325624894 2.627996657
0.266957884 2.47543382 15.52599612
-2.401625268 2.345405105 -1.085296146
-3.654909869 4.290289854 4.555981672
-2.297602804 -4.583278036 -7.700129189
-0.601449274 -4.329859331 -17.4655445
8.290765771 4.13846066 -1.054554265
-2.82427952 -4.382338301 -6.493703361
-4.389330975 -4.485104263 1.592431859
-2.946581938 -7.315526286 -8.468417285
